19 30
retencion -0.014584496 0.004437934 0.009015805 -0.0073012738 0.021958832 0.0003858719 -0.014965897 -0.017386088 -0.013662278 0.010216286 -0.005324165 -0.019860027 0.0086852815 0.009486112 0.0076941247 0.0014103231 0.009813624 -0.0034433946 0.0062474576 -0.006687072 0.015773838 -0.010517497 0.019159762 -0.01695871 0.004620364 -0.0128692 -0.007449509 -0.009287053 0.0002446943 0.007917029
factura 0.010671082 0.01696835 -0.0004596409 -0.005391481 0.010650062 -0.015160576 0.014190756 0.004229271 0.010590598 -0.013686382 0.005335145 -0.014313215 -0.0032339524 0.0064881723 -0.0042413496 -0.0048012296 0.015470338 -0.010468708 0.0039146426 0.017526427 -0.010666378 0.0045841685 0.01692928 -0.0018897463 0.003406871 -0.008661656 0.015880799 -0.0066337944 -0.012418335 -0.014850499
aplicadas -0.016671963 -0.014056444 -0.008364647 0.013910861 0.009236768 -0.0009072193 -0.0031070404 -0.012448353 0.009436615 0.011731759 0.013936953 -0.009166092 0.016206877 -0.0051065963 0.00029018952 -0.005389409 -0.0040377467 -0.00029528682 -0.012298928 -0.0051929625 -0.003603259 0.0033794467 0.0057193544 -0.005011356 -0.011698234 -0.008230388 -0.0078044115 -0.015249956 0.012152615 -0.0047444515
ica -0.018401628 0.01404629 0.0051537463 0.0018535878 0.0074736187 -0.014811104 0.012142591 -0.019537935 0.009880436 0.0028843323 -0.0064846594 -0.0064782854 -0.0018346449 0.0024177446 0.0061602066 -0.0023757003 0.0022381379 0.006005769 0.013142266 0.011396772 0.005917984 0.0032724675 -0.0043473947 -0.00278693 0.009062353 -0.017780744 0.0069233207 -0.009637754 -0.0110102575 -0.0076558753
informamos -0.01578387 -0.0136178825 0.010932044 -0.0034283288 0.018329274 0.0006255139 0.0033255722 -0.0016148388 -0.0016656917 -0.0043491237 0.0076420926 -0.0006062788 -0.014739111 -0.00044693027 -0.0015247335 -0.008126809 -0.008769414 -0.008457257 0.009174838 0.011984808 -0.010844319 -0.01029105 0.0013160127 -0.013248315 -0.015116548 -0.015815442 -0.011521459 -0.0153956665 -0.009793993 -0.0017813377
informacion -0.008848344 0.01628621 -0.015294076 0.0027669591 0.011596963 -0.013996661 -0.007363844 -0.016362583 -0.008338457 0.009705797 0.010711674 -0.0037060466 -0.01515079 -0.0021629047 -0.0020297093 -0.015904978 -0.009869009 -0.008934666 -0.0096426215 0.00019218723 -0.008961618 0.014146764 0.014696536 -0.011891201 -0.011486203 0.009078933 -0.0020175758 0.01588236 -0.011727881 0.01639417
solicitud 0.0073898635 -0.005112322 0.0049449373 0.013241742 0.0023354758 -0.0124066975 -0.011753966 -0.013574919 0.01179724 -0.012642555 -0.013191803 0.006846982 0.0076525053 -0.012673382 -0.008147972 -0.0125431 -0.013724963 -0.010235252 -0.005792204 0.002865353 0.012134171 -0.010671802 -0.0015758516 0.0062022847 0.013577137 -0.00023332308 0.003968061 0.005230598 -0.0007134373 0.007726061
indica 0.009765627 0.016767045 0.007475222 -0.012169129 5.079196e-05 -0.003325216 -0.007000054 -0.016149161 0.014567292 0.009901193 -0.0062803663 0.0008242709 -0.015353648 5.936867e-05 0.0030308743 -0.014278262 0.004112228 0.0037443154 0.0038869167 -0.00077772344 -0.004133227 -0.007813841 0.015797133 0.002960266 0.00044395745 -0.009078728 -0.011886475 -0.01109403 0.014516298 0.013016884
proveedor 0.015824154 -0.015172791 -0.0142592015 0.011553419 -0.002466719 -0.0110816695 0.015065882 0.012412787 -0.01214954 0.00023133156 0.007415646 -0.014974416 0.00026298233 0.012797424 -0.0026397975 -0.008422568 0.0011505624 0.0066967844 0.015962122 0.0027650355 0.00919975 0.008440669 -0.0015057286 0.0036408699 0.0033797708 -0.012904863 -0.013684125 -0.010038236 0.008397789 0.0052319965
informa 0.009702031 0.006832854 -0.010509263 -0.009184145 -0.009085659 0.011029424 0.0044685015 0.0027660066 -0.0075777215 0.012215301 -0.012564254 0.00926794 0.005644633 -0.012977131 0.013896685 -0.002244385 0.004038909 -0.0005085044 0.010281882 0.01179575 0.0072241225 -0.00027577713 0.0037253886 0.0057383063 0.004145029 0.011562763 0.0001840921 0.0082064625 -0.015972123 0.010824554
electronico -0.0018941785 0.015582706 -0.0032857812 -0.011667049 -0.001606564 -0.016439203 -0.015182999 -0.005575356 -0.008865155 -0.01245326 -0.005054548 0.00882992 -0.010775404 0.010669922 0.0037152658 0.010575235 0.00796622 -0.015339815 0.004242393 -0.00095693726 -0.003076549 0.0032875068 -0.008316056 0.005168164 -0.008023845 0.00438211 0.01649614 -0.014464593 -0.010636569 -0.0048215357
informan -0.010407825 -0.005261938 -0.005887486 -0.00272434 0.0059282472 -0.0034427706 -0.008988036 0.008968167 -0.012966256 0.0052682 0.015156538 0.016053535 0.0029172697 -0.012865915 -0.014496704 0.0012446534 -0.0045375777 0.0068316637 -0.0013641379 -0.0089677265 -0.014845318 0.0026258202 0.0069299582 0.008176718 -0.0074059065 0.015956996 -0.0014341132 0.014011104 -0.0093952045 0.0017720197
persona 0.0045321495 -0.005555585 -0.007510434 0.0052585066 0.017227676 0.0044130934 -0.012046152 -0.012553798 0.014824333 0.007795135 -0.014344507 -0.011119165 -0.0023273483 -0.0040224204 0.0034156968 -0.009988431 -0.01563835 -0.0026011055 -0.0060616755 -0.004511818 -0.0022380808 0.006380108 -0.0034131554 0.005743577 0.011178287 -0.013959594 -0.00636045 -0.0015489482 0.002520542 -0.0085007455
consulta -0.013541691 0.002245918 0.007106788 0.009532104 0.012251226 -0.009211324 -0.00018234344 0.009864426 -0.00827605 -0.014802195 -0.006172954 0.007836154 -0.005766646 -0.0124138845 -0.014755245 -5.197813e-05 0.007826644 0.008339004 0.0035058877 0.010769701 0.006950656 -0.0029099446 0.0100890435 -0.004438801 0.002266683 0.010360368 -0.008776081 -0.01635041 -0.012427757 0.010688951
pago 0.0092473 0.015735373 -0.0065536 0.008614216 0.006006408 0.0056334804 0.007481283 0.012520868 0.01380085 0.011700282 -0.00059288467 0.008195468 0.00037061214 -0.0056322655 -0.008713289 0.0034406409 0.013722134 0.015574691 0.010095986 0.0067353784 0.016608888 -0.0067890887 -0.0021361862 0.012675781 -0.007182742 0.0060149557 0.012717528 0.002392589 0.008662826 -0.008044936
xmil 0.0032727462 -0.0030436923 0.013744261 -0.016196532 0.016965723 -0.013092112 0.013992244 -0.001986605 -0.0061937226 -0.0151019795 0.0092283 -0.010384714 -0.016800638 0.012747692 -0.004227504 -0.01334053 0.016165609 -0.01689646 -0.0014906353 0.0018560551 0.0010146938 -0.015471817 0.005458959 -0.002802017 -0.012046929 0.014477744 -0.0071363817 -0.007143855 -0.012482308 -0.0023322913
cargo -0.010636663 -0.006871468 0.0066196895 0.00878848 0.0046731513 0.01025739 -0.015215985 -0.008927707 0.0019384581 0.015993483 0.0066241105 -0.008076347 0.0007345774 0.0021431434 -0.0007358415 -0.0057696495 0.011941467 0.014404814 0.008658832 0.015689353 -0.007606536 0.005717461 0.0012421394 0.014860962 -0.007932751 0.0039769975 0.0026080436 0.01384638 0.009373954 0.0035121534
responde 0.009672043 -0.0034910678 -0.006402014 0.009122186 0.0036049383 -0.011215844 -0.0011473629 -0.015979117 -0.0066175135 0.013728815 0.00040024737 -0.015523418 -0.016338479 -0.0047084596 0.008468921 0.012556289 -0.002913694 0.004509071 -0.011187017 -0.003418686 0.007930193 -0.009062768 0.0021742894 -0.0070364196 0.00050382956 -0.010957259 -0.007972456 0.004988683 -0.007207309 -0.0049819765
respuesta 0.005076396 0.009526475 0.0001114208 0.0062060184 0.0099535715 -0.0020383692 0.0007389853 0.0070001218 0.014350922 -0.014846534 -0.009033276 0.00034168546 -0.0020843102 -0.0008857186 -0.0027613721 -0.016749224 -0.014374398 0.0012469058 0.01436881 0.010719885 -0.011594183 0.01537381 0.009759177 -0.01107113 -0.0025074878 0.013726754 0.014655308 -0.0005901018 0.010602972 -0.012242419
