25 30
factura -0.010434382 0.008932727 -0.016748771 0.012741059 -0.0031638758 0.009753047 -0.00858217 -0.005114904 0.0025595846 -0.011169747 0.015315277 0.01473149 -0.008218372 -0.011928634 0.01960461 -0.0006740176 0.010048475 -0.011433533 -4.4175336e-05 -0.011643135 -0.009365757 -0.011930707 -0.0044335835 -0.0013207215 0.005350128 -0.018301075 -0.0073862914 -0.011949577 -0.021194424 0.0011373579
retenciones -0.01724076 1.4000572e-05 -0.015372686 0.0015210538 0.0032225507 0.0066930125 -0.013686185 -0.008432256 -0.0007611827 -0.016863888 0.0068779485 0.004255777 0.013596882 0.0059784465 -0.005864595 -0.005601508 -0.0036250185 -0.0037596056 -0.0056084334 -0.012061761 -0.016962303 0.006020652 0.0029549343 0.0039537875 0.020338347 -0.009541563 -0.011694205 0.0077684624 0.008870006 0.008275634
solicitud 0.010051103 -0.019511443 -0.0036102706 0.0024120484 0.010256381 0.009310604 0.0138823595 -0.0067428495 0.0033028955 0.013776173 0.012131708 -0.011822408 -0.0035876748 0.007025757 0.0058630607 0.008231909 0.00018971071 -0.0190894 -0.015978865 0.00959516 0.0053526517 -0.0055544446 -0.0017108925 -0.01229213 0.016224274 0.00467774 0.00583254 0.012646281 0.0038570748 -0.014204699
informacion -0.0096121775 0.00053221 0.008609406 0.008197864 0.014810631 -0.014463524 0.015234152 -0.00469253 -0.008078076 0.0019028374 0.010597779 -0.012566639 0.0084074 0.009132251 0.007963877 -0.0053233285 0.010401497 0.0057460032 0.006832924 0.012897913 -0.0054187933 -0.010452783 0.014938275 -0.0033623704 0.0040718275 -0.014687528 -0.0013353021 -0.015470427 -0.005243333 -0.004309913
aplicadas 0.006134602 -0.00418753 -0.010399147 0.010744812 -0.0059755407 -0.00733594 0.0137288645 0.010552194 0.016741151 -0.00624143 0.0017059329 0.0033887906 0.009298241 0.013641656 -0.00824974 0.016951112 0.0024755767 0.007752605 0.009838725 0.0063192034 -0.006381674 -0.010268705 0.010562424 -0.0024438293 -0.006974255 -0.006338118 0.0026197883 -0.012459775 -0.014752185 0.006484915
pago -0.013656548 0.00014762359 0.010884914 0.0054408466 0.005261873 0.0039353436 0.0012592075 0.0019010173 0.00094609486 -0.012062312 0.008794489 0.0022691598 0.008091575 0.011296523 -0.0046204804 0.012646816 0.008362963 -0.0065288506 -0.0111135645 0.012020462 0.0084938 0.012660667 -0.014827176 0.008110914 0.018143298 -0.01877341 0.011066342 -0.01666672 -0.014903084 -0.015687956
valor 0.008135668 -0.0036957858 0.0062775067 0.006843706 -0.008797729 0.013365415 0.015115239 -0.0044864547 0.011017033 -0.0015598909 0.007846113 -0.015094268 -0.015855867 0.016765147 0.0031971524 -0.0059945467 0.015235886 -0.014160153 -0.0013394228 -0.0006436912 0.008072226 0.0032917242 0.010091935 -0.007054398 0.0025521286 0.0011516444 0.002438069 0.0018899477 -0.0006419346 0.0067189164
consulta -0.01655477 0.0070420443 -0.010613136 -0.0014893505 0.0052758437 0.0039496305 0.013467439 -0.0057338183 -0.012295127 -0.0012052332 -0.013311705 -0.010413846 0.014118234 0.016834328 0.0010604247 -0.0016457504 0.0020484554 0.002285547 -0.015761217 -0.0030451177 -0.009326756 0.0049813 0.010124504 -0.0056470097 0.0107299695 -0.014806921 0.0016870663 -0.0068507567 -0.0045090383 -0.0043103085
cargo -0.0045453305 -0.004729129 -0.007932645 0.007291714 0.011897333 0.005634021 0.016578104 0.011802458 0.0073091984 -0.0074364864 -0.0024934665 0.0036494804 0.0029600428 -0.008126515 0.013200633 -0.014195333 0.011728393 -0.018268133 0.015269894 0.007770624 -0.010124389 -0.0022940384 -0.0137626 -0.0085965255 0.006861727 -0.014788586 0.00029025122 -0.01805887 -0.011847248 0.005493867
confirmar -0.0010742673 -0.020455563 -0.006628343 -0.0079961065 0.0027939328 0.011128506 0.0057589225 0.01145476 -0.0052643656 -0.013409672 0.018101558 -0.0038401324 -0.012731801 0.018891707 0.01804012 0.017444758 -0.01015605 -0.019459758 0.012450675 0.010252036 0.0026421796 0.004289499 -0.016892366 0.014331045 0.009167763 -0.01827563 -0.008961019 -0.010471787 -0.01681127 0.01144655
ica 0.009518349 -0.011326644 0.006563511 0.0054745385 -0.0031292955 -0.01435581 0.0049022264 0.013972774 0.00638025 0.0023110176 -0.0004853035 -0.0031135774 -0.006302141 0.0061018635 -0.0002083574 -0.00014612074 -0.0041816137 -0.015584099 -0.013978761 0.012119899 0.0096494155 0.012421197 0.006472064 0.011405671 0.004045452 0.0065645883 -0.015537573 0.010214354 0.013295772 0.00870447
retencion -0.01720332 0.010207758 -0.0034214465 0.0025413735 -0.008960233 -0.013494341 -0.010312919 0.0112767685 -0.00082578673 0.007867596 0.014305233 0.009977617 -0.0018251608 0.008717001 -0.009802863 -0.00298852 -0.009093083 0.003061476 -0.012279848 -0.012964 0.0066235936 -0.014565405 0.00015408485 0.00046044754 -0.007281676 0.0055898386 0.015477685 -0.013296256 -0.016382713 0.008838826
fallas -0.0071303197 -0.01195464 0.0032385043 0.018656772 -0.014192421 -0.0027439718 0.003516104 -0.0019302034 0.008909907 0.007431838 0.004646246 -0.013925678 0.008767542 -0.013158039 -0.008333224 -0.0014758667 0.008327476 -0.0027729059 0.004756428 -0.0018299425 -0.0117576 -0.0033984452 0.0027414397 -0.011197929 0.021367 0.00033885578 0.015982646 -0.0010686816 0.007881665 0.014589276
sonido -0.015212715 -0.019226449 -0.00033273405 -0.004535216 -0.0003317568 -0.0035384393 0.00012477968 0.012190681 -0.0072980183 -0.009095101 -0.008564879 0.01291046 -0.004298988 -0.00036958887 0.017829739 0.010406568 -0.011896157 -0.00080368505 -0.0028592846 -0.01033809 0.0019768977 -0.012905206 -0.0137186805 0.011739283 0.0065532853 0.0049647014 -0.011357216 -0.01371056 0.009160338 0.004906069
inicio 0.0043622786 -0.01818753 -0.0012324365 -0.0011464844 0.00026149643 0.0066260793 0.014535677 -0.0114507545 0.0018152719 -0.006084854 0.006403874 0.0071094637 0.004011549 0.00944533 -0.0009190339 0.018339787 -0.011729592 -0.013559703 -0.010179367 -0.006768086 0.0077973376 0.008805625 0.011876801 0.016042322 -0.002189572 -0.0013789169 0.011159974 0.003710074 0.0017387584 -0.0122731915
llamada -0.00994092 -0.01153241 0.0041602356 0.002836487 -0.010986047 -0.008102292 -0.013670855 -0.016336609 0.01687114 -0.016419096 0.0060852044 0.015311253 0.0008803519 0.01740215 -0.0037155084 0.008889979 0.0033087686 0.0003159527 0.006324577 0.0014664321 0.005160222 0.0011698226 0.0016942085 -0.0022987674 -0.0018392964 -0.020460812 0.002082154 0.0033709505 0.000680188 -0.007628833
detalle -0.008187253 -0.0136467405 0.004859345 0.0023980832 0.008488292 0.008631068 0.0021546134 0.013409402 -0.00019967585 -0.013105453 0.0068181693 0.0014568565 0.008881147 0.0075294473 -0.010890838 0.0044289865 -0.007160921 -0.008092005 0.008379834 -0.0060634892 -0.003847156 0.006332096 0.0017115603 0.014081319 0.01768239 -0.010110515 0.004006064 -0.0015069062 -0.0013849486 0.0047360463
solicito -0.016333666 -0.0026231897 -0.005504061 0.0037000526 -0.00050341303 -0.008918782 -0.0027498796 -0.002997434 -0.006831491 0.015959328 0.015694523 -0.0055658245 0.005542297 -0.0015876922 0.0030896133 -0.015540586 -0.0030141256 7.2045725e-05 0.0034015984 -0.0066716806 -0.007942901 -0.00089898263 -0.00580783 0.014513916 0.007294673 -0.009186607 -0.008274821 0.011098771 -0.011999858 0.004210782
persona -0.0024997287 -0.0073541063 -0.008968597 -0.013504703 -0.011605986 0.014391779 -1.04654755e-05 -0.011595184 -0.013152337 -0.003832156 -0.009568293 0.006184658 0.002459722 -0.008868232 0.013107368 0.005436218 0.0049177064 -0.0063509163 0.0020624318 0.014441614 -0.0038594462 0.013791102 0.012468578 -0.010128139 -0.011932084 -0.00011288304 -0.014562087 -0.0017530218 -0.016451184 0.016591992
fecha 0.009702294 0.006925642 -0.010320079 -0.01060396 0.011235231 -0.004819588 0.01460127 0.009444311 0.014554281 0.008687403 0.010645564 0.015532292 -0.013905883 0.007824821 0.00058117125 -0.0076960525 -0.013238771 0.0058054673 -0.0024611712 0.00076401344 0.013266603 -0.0019526709 -0.0029042908 0.011646403 0.002192333 -0.01467444 0.015888799 -0.013450813 -0.007468568 -0.008644839
contable -0.017723331 -0.015847415 -0.016696157 0.00731511 -0.015480582 0.011982179 -0.0014726312 -0.005740935 -0.0020456556 0.012474143 0.015479739 0.00695586 0.016940244 0.011519446 0.008270424 0.014004125 -0.009776206 -0.002711834 0.012854553 0.015156802 0.003917544 0.0056282575 0.00039826136 -0.0025581925 0.00023839493 -0.019438244 -0.0040850174 0.012040145 -0.015332935 -0.012082177
dia -0.013003514 -0.014067745 -0.009411578 0.0041463114 0.01081759 -0.0018152831 0.012678678 -0.012589567 -0.0051921154 -0.0169994 -0.003912975 -0.004825141 -0.00498001 -0.0016766655 0.010920883 0.003705611 0.014679949 -0.010194699 0.015433358 0.015541516 0.0020279177 -0.015905682 -0.0009281146 -0.0013550634 5.2282514e-05 0.009805966 0.0061651506 0.004402828 -0.0044220192 0.012969781
solicitudmos -0.0011150112 -0.0040177894 0.015468716 0.0059248633 0.0057193865 0.013417564 0.0057045966 0.007650639 -0.005403793 0.010764582 -0.007289573 -0.008291818 -0.007858603 -0.0023447047 0.015267822 -0.004711208 0.011783446 0.014474023 -0.0037279928 -0.007282571 -0.016136203 -0.0071337097 -0.0079687545 0.0023478428 0.0076267216 -0.014482613 -0.015421669 -0.0049093203 0.0093786735 0.013587362
proveedor -0.013505453 -0.015841767 -0.017844968 -0.005363733 -0.0023339654 -0.014238937 -0.0048053307 0.0066856937 0.01432393 0.014658397 -0.00027889482 0.009758402 -0.00014921505 0.009442009 0.0037359921 0.01329356 -0.0035750386 0.011626251 -0.0076929107 0.0003772874 -0.00065365236 0.011159552 0.0036009727 0.012147541 0.018198317 0.005850343 -0.014553747 0.0022212851 0.012155697 -0.010127799
ciudad 0.012380407 0.007679547 0.0057402556 0.0023185597 -0.0014365219 0.011233543 -0.008262613 0.010732543 0.0170426 -0.00050404074 0.005549436 0.01745971 0.014126002 -0.014265205 0.0091743935 -0.0039806454 0.007686795 0.0027725648 -0.0018974561 -0.004701943 -0.013522953 -0.0043332335 -0.016812991 0.012154866 -0.006505403 0.006483892 -0.007390833 -0.014062731 -0.005613421 0.016297253
