106 30
factura -0.35161686 -0.110496916 -0.1628526 -0.20803015 -0.30925363 0.40033856 -0.64031285 -0.28349036 -0.19392852 0.65642136 0.22479227 0.19965577 0.5859343 -0.81686836 -0.4610612 -0.02103416 -0.1555733 -0.08282833 -0.09714899 -0.49843478 -0.21446535 0.46020573 -0.18498075 0.15729772 0.5403058 -0.094366536 -0.58568835 0.8362962 0.0420657 -0.0054358994
pago -0.3001089 -0.10135029 -0.13038225 -0.17294234 -0.24367695 0.33148253 -0.5515904 -0.23250486 -0.15726438 0.5521754 0.20537072 0.14975575 0.50560826 -0.68148136 -0.3784888 -0.030018037 -0.13980213 -0.08654171 -0.07293719 -0.43460238 -0.18125635 0.37282473 -0.17393956 0.13896526 0.47362173 -0.08888363 -0.5223141 0.7245256 0.019484354 -0.012115005
solicitud -0.32377848 -0.11630905 -0.1359727 -0.17090204 -0.26463392 0.3470891 -0.5783246 -0.23277682 -0.17251216 0.61431485 0.21573909 0.16560118 0.5093367 -0.7278753 -0.42205453 -0.020529674 -0.14345865 -0.0629784 -0.0739493 -0.43116936 -0.18492918 0.41532996 -0.18824938 0.14984466 0.47601062 -0.11345083 -0.53042406 0.75664794 0.04578924 0.004534973
endoso -0.2708398 -0.09007847 -0.122587085 -0.16113436 -0.22955796 0.29717195 -0.49160883 -0.2279025 -0.12705156 0.52659804 0.1779416 0.16486001 0.45954624 -0.6193498 -0.35899085 -0.032656502 -0.1266177 -0.052923083 -0.06295351 -0.3851383 -0.15646866 0.36448824 -0.16312821 0.11195774 0.4098153 -0.097260356 -0.44745114 0.65267575 0.020733714 0.0029313671
proceso -0.3382914 -0.1033262 -0.15014097 -0.19982234 -0.28280976 0.3729085 -0.61696917 -0.25564855 -0.16124184 0.6411088 0.20556383 0.19192313 0.56146795 -0.7711294 -0.42166615 -0.029997915 -0.14509137 -0.089235246 -0.08174037 -0.4702977 -0.20986055 0.44431937 -0.20138365 0.1450459 0.52437246 -0.11535085 -0.56658113 0.80363417 0.017583882 -0.01671718
respuesta -0.29990342 -0.089902185 -0.14242423 -0.1749141 -0.23964728 0.32133797 -0.52422625 -0.23032565 -0.14221922 0.55358595 0.18603873 0.18085079 0.49792266 -0.68281615 -0.3798639 -0.008160215 -0.111783944 -0.08712849 -0.06733844 -0.41376153 -0.18518755 0.3682343 -0.16043143 0.11378704 0.45275444 -0.08780498 -0.5036689 0.6882769 0.038411323 -0.003706826
informamos -0.3145511 -0.1222461 -0.13827592 -0.1919901 -0.26611766 0.3394243 -0.5725639 -0.26508316 -0.1743037 0.60981107 0.19766545 0.19122866 0.5323307 -0.72275716 -0.4274984 -0.0019260806 -0.12919652 -0.07660427 -0.08397584 -0.46073675 -0.16944484 0.41820738 -0.16652243 0.15014777 0.5019953 -0.095056154 -0.55085164 0.765904 0.0433538 -0.01020394
receptor -0.28668413 -0.08659115 -0.13151322 -0.14712277 -0.24510466 0.3179038 -0.52259564 -0.21914208 -0.14758876 0.53872705 0.162238 0.1422518 0.46898568 -0.6505527 -0.36783022 -0.009449879 -0.107552335 -0.059804726 -0.052020527 -0.37826273 -0.15601224 0.34477207 -0.16074544 0.12789057 0.44355518 -0.094728254 -0.4728987 0.6555926 0.023425015 -0.022829387
cesion -0.3235478 -0.12423896 -0.13959849 -0.20142283 -0.28028536 0.36811817 -0.58895934 -0.24760608 -0.15867954 0.6351928 0.19749396 0.1946032 0.536291 -0.767127 -0.44310412 -0.013633541 -0.136965 -0.06628874 -0.07939464 -0.47362852 -0.18064915 0.43089497 -0.17624845 0.15930891 0.50272125 -0.12005135 -0.57223386 0.7944936 0.041687544 -0.014399807
bloqueo -0.29872066 -0.11185274 -0.11749518 -0.16856146 -0.24025767 0.31295687 -0.51783293 -0.2343898 -0.1517194 0.5204091 0.19463891 0.1423725 0.46046346 -0.6568822 -0.35707828 -0.0040666526 -0.107442036 -0.08198191 -0.05326457 -0.3905852 -0.16265666 0.38211128 -0.17579345 0.11452391 0.43924856 -0.08775594 -0.4668786 0.65740854 0.016646247 -0.021763252
derechos -0.344751 -0.11595627 -0.14879057 -0.18725944 -0.27024642 0.35983014 -0.59441644 -0.2527419 -0.1733818 0.6165408 0.20467032 0.19329341 0.55869067 -0.75192976 -0.44356915 -0.026269397 -0.14795005 -0.09222302 -0.07253595 -0.47217828 -0.21042792 0.4249711 -0.18031254 0.15769705 0.5230958 -0.11776366 -0.5805526 0.8027388 0.026104627 -0.0038043396
fecha -0.27059963 -0.1047505 -0.10160736 -0.13174856 -0.21064219 0.27541482 -0.47405535 -0.18331416 -0.13879889 0.47877324 0.1575172 0.13199005 0.4096322 -0.5866131 -0.33501562 -0.031526092 -0.11625346 -0.066762514 -0.063845 -0.36126888 -0.14641099 0.32026306 -0.15677863 0.10408294 0.37364516 -0.071457 -0.4415408 0.61439157 0.009482018 0.0040205154
ventanillas -0.39928484 -0.1473698 -0.18247548 -0.2466966 -0.3277136 0.4429628 -0.72521263 -0.3228771 -0.217855 0.7565505 0.25591886 0.2274036 0.6336813 -0.92197645 -0.5020249 -0.022740718 -0.17511402 -0.11110173 -0.08289958 -0.5461286 -0.23056914 0.50715065 -0.21931762 0.16730283 0.6233454 -0.13923882 -0.6686217 0.9369614 0.03717214 -0.011832399
atencion -0.33301884 -0.10701106 -0.1564931 -0.19091985 -0.25669459 0.35813606 -0.566745 -0.25097835 -0.15382294 0.61092967 0.22029541 0.17601392 0.536625 -0.7224936 -0.40085766 -0.010238313 -0.1452267 -0.09336261 -0.0753982 -0.45918328 -0.19390778 0.41879982 -0.1978204 0.13568546 0.50831723 -0.09034072 -0.53996915 0.76839817 0.015799405 -0.025254529
envia -0.19875209 -0.07879353 -0.09221533 -0.12892248 -0.15930031 0.23261727 -0.36043498 -0.15850289 -0.09534126 0.39616367 0.13758045 0.1268146 0.33052954 -0.46957213 -0.25021198 -0.025291236 -0.07896867 -0.0412197 -0.041040286 -0.29320845 -0.12077601 0.27084956 -0.13074236 0.10306692 0.3000491 -0.05165623 -0.35409245 0.49045017 0.026211472 -0.009366198
factoring -0.35306832 -0.11058693 -0.17360924 -0.21738929 -0.30049488 0.40200388 -0.650615 -0.27850607 -0.19089685 0.6726505 0.23245806 0.20551504 0.5901368 -0.81310683 -0.45824 -0.020193912 -0.13969144 -0.09810875 -0.08375398 -0.5062064 -0.22600654 0.45606813 -0.21277513 0.15616868 0.52924806 -0.1272757 -0.59396344 0.8382204 0.019110985 -0.018201584
informacion -0.22233762 -0.079218216 -0.10245969 -0.13887158 -0.1888165 0.26988962 -0.42206004 -0.16593415 -0.114557445 0.42436528 0.14976938 0.13135839 0.36828345 -0.5441582 -0.2911245 -0.029388918 -0.08692767 -0.043121997 -0.04888297 -0.3127299 -0.11939005 0.31001198 -0.13102335 0.10903182 0.33946037 -0.07131309 -0.40663663 0.5402624 0.01809529 0.0028168035
proveedor -0.25966948 -0.09347635 -0.103138514 -0.1296477 -0.20642786 0.2910955 -0.43353763 -0.18760912 -0.12682503 0.4567796 0.16898027 0.1273017 0.41041982 -0.56081456 -0.33064982 -0.02891276 -0.10771022 -0.061343428 -0.06843546 -0.34179133 -0.13996413 0.30531013 -0.13624594 0.12141359 0.36485958 -0.06679629 -0.42029834 0.59034926 0.037605498 -0.023957182
cxp -0.24832451 -0.07744573 -0.11772064 -0.13128069 -0.18499944 0.24989508 -0.4422986 -0.17261511 -0.10587097 0.45976126 0.13552645 0.12224655 0.38265646 -0.5505781 -0.3236232 -0.025350751 -0.10577445 -0.042356413 -0.052993502 -0.34082273 -0.1534183 0.3066757 -0.132551 0.118965186 0.37154776 -0.06676005 -0.3854011 0.5523484 0.0071413396 0.005268718
mecanismo -0.30707324 -0.122885525 -0.14137748 -0.1810763 -0.28109878 0.36149254 -0.5793638 -0.2381111 -0.16509424 0.60484785 0.20436819 0.16710092 0.5086496 -0.72016823 -0.427129 -0.007566766 -0.12285591 -0.07613531 -0.075120814 -0.43817014 -0.19576631 0.41976386 -0.19445163 0.14723518 0.49318126 -0.10181731 -0.54244554 0.750513 0.040969416 -0.027838876
empresas -0.3543074 -0.12387364 -0.15685157 -0.20080328 -0.30845731 0.4109657 -0.6403223 -0.29865164 -0.19568758 0.69700974 0.22821094 0.18889539 0.57911426 -0.83774316 -0.4690887 -0.032853376 -0.14295685 -0.092705764 -0.08163267 -0.52221143 -0.22496799 0.46286738 -0.19984847 0.16229136 0.56298727 -0.12318348 -0.62211853 0.8508154 0.026219968 -0.014611249
coordinacion -0.2429877 -0.092988834 -0.12192118 -0.16163892 -0.20069298 0.29033372 -0.43816978 -0.20335498 -0.11848934 0.47369602 0.1494897 0.137884 0.4168571 -0.5767073 -0.33694142 -0.01896792 -0.11964968 -0.06443426 -0.05032355 -0.36381838 -0.15988268 0.33188194 -0.15044099 0.09745503 0.39667454 -0.073060155 -0.4247587 0.5859901 0.01936269 -0.015041409
cuentas -0.33108145 -0.110390365 -0.13138588 -0.1850391 -0.27404052 0.34722984 -0.5805838 -0.25733906 -0.16034089 0.59769535 0.21706916 0.18658063 0.53200597 -0.71789926 -0.4021941 -0.03237606 -0.13707724 -0.07677802 -0.059012048 -0.42956161 -0.19802128 0.41037753 -0.16650239 0.12976582 0.49710166 -0.11733146 -0.53063935 0.75369483 0.04948356 -0.022369385
pagar -0.32779333 -0.10519133 -0.14644568 -0.17847562 -0.25954652 0.33896044 -0.5830085 -0.2609808 -0.14711426 0.5852837 0.20502295 0.1825915 0.5175301 -0.7152861 -0.40910608 -0.0067158425 -0.122581676 -0.08597453 -0.06348296 -0.4457366 -0.19627564 0.39794058 -0.1691329 0.122140706 0.48723498 -0.106643885 -0.52191716 0.7335156 0.029727882 0.0058295485
presente -0.37533203 -0.116079584 -0.17955537 -0.23460539 -0.30106217 0.43038842 -0.68211764 -0.2910962 -0.20453973 0.69471276 0.23604922 0.21746443 0.5945292 -0.85904455 -0.49977446 -0.008548095 -0.14881481 -0.098663755 -0.0827038 -0.5409147 -0.22665223 0.49448422 -0.21646613 0.14850946 0.58966833 -0.10388428 -0.63013566 0.89491653 0.033384338 -0.0020960933
informa -0.17562069 -0.06994392 -0.09618789 -0.099192776 -0.15240017 0.20834005 -0.33338693 -0.13809024 -0.08528227 0.3460988 0.11279359 0.11672075 0.30650058 -0.4034777 -0.22411591 -0.0115322955 -0.06696447 -0.046992354 -0.036364615 -0.23918189 -0.112763435 0.2342718 -0.11989678 0.09004927 0.2650935 -0.05562452 -0.30166048 0.41477567 0.032664582 0.0050506173
envio -0.27982813 -0.095551625 -0.11251939 -0.15142114 -0.21397544 0.3015792 -0.5012255 -0.19961764 -0.15166956 0.5067881 0.16762757 0.16251649 0.4406092 -0.6143333 -0.35784313 -0.029799862 -0.10134202 -0.051984806 -0.078355856 -0.39929697 -0.16917688 0.37070858 -0.14846566 0.13517357 0.4353177 -0.07347076 -0.47723237 0.6568765 0.0135995075 -0.016032621
directamente -0.2908187 -0.08434111 -0.14275165 -0.19153641 -0.24904896 0.33520868 -0.5405113 -0.2403511 -0.14874187 0.56515855 0.1974979 0.17857136 0.4783371 -0.67961323 -0.39284748 -0.018567871 -0.110593066 -0.07037937 -0.07529367 -0.4022965 -0.1737414 0.3966978 -0.15571287 0.12554824 0.46986842 -0.09976359 -0.5051066 0.7024314 0.0314405 -0.006577736
tenedor -0.2892993 -0.11300463 -0.13095804 -0.18404299 -0.25804594 0.3504581 -0.5543789 -0.24374196 -0.15521532 0.5599966 0.1961184 0.16421294 0.47856635 -0.682787 -0.38885537 -0.029019924 -0.13356085 -0.07708646 -0.07410261 -0.41102326 -0.17942762 0.38264042 -0.18572314 0.11712578 0.47155696 -0.086734965 -0.5208824 0.70129937 0.02687024 0.0018832793
titulo -0.30513948 -0.10595454 -0.13609701 -0.18303166 -0.23157433 0.33089674 -0.5307875 -0.21989949 -0.1379831 0.56322885 0.17731571 0.1566288 0.49606457 -0.6776378 -0.36798355 -0.009672419 -0.1176828 -0.06268713 -0.05859859 -0.42374277 -0.15656915 0.38569033 -0.17833073 0.14173083 0.4442367 -0.10624465 -0.5109375 0.7037835 0.03518904 -0.010827386
dia -0.2726475 -0.09776424 -0.13304104 -0.15465672 -0.23659801 0.3001686 -0.49734193 -0.2239935 -0.13281703 0.48969388 0.17857125 0.15514307 0.43313584 -0.61325556 -0.34681764 -0.009968475 -0.1290053 -0.074715495 -0.059221778 -0.37341866 -0.14205976 0.34105822 -0.1577893 0.113906056 0.40032077 -0.07539198 -0.4536096 0.6211956 0.010431031 -0.011994279
contingencia -0.28875682 -0.083101586 -0.14544488 -0.1757383 -0.23125437 0.32045767 -0.53361034 -0.22455294 -0.14016968 0.5339154 0.18024641 0.16879404 0.45758578 -0.6530191 -0.38132444 -0.0027670432 -0.13463585 -0.07524085 -0.07761297 -0.4086784 -0.1728786 0.36597958 -0.15915206 0.119473726 0.44550058 -0.08917095 -0.4796589 0.66275895 0.03359789 -0.013647737
electronico -0.17511304 -0.06094363 -0.07034614 -0.09345153 -0.12687427 0.17502381 -0.31659135 -0.13701345 -0.0946698 0.30365163 0.08866265 0.108768255 0.2777203 -0.3915237 -0.23250271 -0.013156699 -0.05423823 -0.047192454 -0.03420248 -0.23874433 -0.10574482 0.2102414 -0.10956004 0.06335924 0.26740304 -0.05182581 -0.27870178 0.39868787 0.0067272168 -0.019495942
radicado -0.25777957 -0.09026374 -0.09725084 -0.15402807 -0.20140223 0.289649 -0.4389024 -0.18731564 -0.14031667 0.47394127 0.156765 0.13922836 0.40297595 -0.5602618 -0.31768435 -0.015083432 -0.10939653 -0.058922995 -0.073530614 -0.33919153 -0.14316069 0.30843535 -0.1344642 0.1081435 0.37690386 -0.071381286 -0.42959777 0.5968748 0.012712077 -0.017846948
ser -0.30181447 -0.08888341 -0.14328578 -0.1747084 -0.24733166 0.35644773 -0.576603 -0.24146768 -0.16325323 0.5863376 0.21566758 0.16279939 0.50216097 -0.6915071 -0.40688133 -0.006804088 -0.12357678 -0.07826614 -0.06738082 -0.44622436 -0.17048281 0.38879198 -0.16456223 0.14177959 0.47490987 -0.095640205 -0.5399145 0.746893 0.04461484 -0.0053463676
posible -0.23412445 -0.079521015 -0.11666758 -0.12624392 -0.18121502 0.24642883 -0.39803484 -0.19077899 -0.09838754 0.40593612 0.12534377 0.12635696 0.37482482 -0.50420123 -0.29337314 -0.024150664 -0.09779389 -0.05654942 -0.03921875 -0.30293664 -0.12883018 0.29026085 -0.14101441 0.10220132 0.3296501 -0.0676034 -0.37721834 0.52168566 0.011347828 -0.016056191
requerimiento -0.25080058 -0.08548185 -0.118598 -0.12273178 -0.18487848 0.27115023 -0.4434211 -0.20087886 -0.11672339 0.44782674 0.13710202 0.1454198 0.38386622 -0.54428047 -0.3194717 -0.014307806 -0.10845132 -0.049535703 -0.066565976 -0.3457124 -0.14224665 0.32193542 -0.12119226 0.1014771 0.36158085 -0.086257316 -0.39098525 0.5643316 0.011834015 -0.009423198
estimado -0.22128284 -0.07040555 -0.12054757 -0.12773527 -0.19072863 0.2728599 -0.43856376 -0.18237567 -0.122379564 0.43523115 0.1555809 0.1456244 0.37535194 -0.52413064 -0.30360755 -0.029779151 -0.083500616 -0.043498922 -0.040801466 -0.31375244 -0.1239137 0.3164975 -0.12977012 0.09813498 0.35335773 -0.078935035 -0.39799255 0.5498275 0.03984873 -0.0073195365
informar -0.24295029 -0.08260294 -0.10888799 -0.1417465 -0.1922209 0.27355447 -0.4406021 -0.17183544 -0.116484016 0.458555 0.14706495 0.12922807 0.3751405 -0.5414619 -0.3106125 -0.013547944 -0.084433526 -0.058811553 -0.062535055 -0.32607132 -0.13318361 0.31934306 -0.11934397 0.10915718 0.37678188 -0.087805726 -0.39312333 0.5434104 0.027389973 -0.015968567
tenga -0.35601944 -0.10486378 -0.16218078 -0.19281234 -0.2910583 0.37966093 -0.63459563 -0.26314342 -0.19179486 0.6598761 0.23065424 0.20269252 0.5643323 -0.7750958 -0.45724234 -0.012363419 -0.15005359 -0.097209595 -0.074648105 -0.48633713 -0.20059626 0.44922906 -0.19723216 0.13490027 0.5178928 -0.10359803 -0.57418346 0.81017625 0.0480309 -0.011006929
endosadas -0.31566197 -0.117075965 -0.14827168 -0.17833556 -0.26488113 0.35798207 -0.56079483 -0.24692698 -0.16895379 0.57143885 0.19458993 0.1850042 0.4937173 -0.71638465 -0.38401827 -0.010238224 -0.12851979 -0.09168704 -0.055846527 -0.441586 -0.18056546 0.3831627 -0.15917836 0.13388284 0.4567768 -0.107455045 -0.5116978 0.74046767 0.03038222 -0.025779208
presenta -0.2390225 -0.09286697 -0.1176352 -0.1332673 -0.2149665 0.2912734 -0.4564987 -0.1847006 -0.113891214 0.49025452 0.16700104 0.13319486 0.4092995 -0.5894187 -0.34011453 -0.025159655 -0.11553816 -0.07551761 -0.055192977 -0.3741482 -0.13520034 0.33726355 -0.14098546 0.09795331 0.40727383 -0.08530565 -0.42900255 0.6048641 0.02776051 -0.015754929
coordinacioncxp -0.2417577 -0.07202394 -0.124303095 -0.15303957 -0.22013317 0.26900518 -0.43730596 -0.19191584 -0.14138006 0.4617619 0.1658018 0.1283301 0.42398122 -0.5820025 -0.334433 -0.014310571 -0.091637194 -0.07671229 -0.07211631 -0.35904956 -0.13397655 0.31975296 -0.14491978 0.10493558 0.3758036 -0.07781285 -0.43792433 0.5906623 0.019823855 -0.014935613
aplica -0.34433642 -0.11312993 -0.17303754 -0.21637322 -0.30842048 0.41814458 -0.64108795 -0.26999307 -0.16833672 0.6702872 0.2438464 0.21476766 0.60134226 -0.83319944 -0.47047344 -0.013140648 -0.1506 -0.103714 -0.067819245 -0.49666938 -0.22175497 0.470468 -0.2148565 0.16989939 0.54161876 -0.13231502 -0.62152934 0.86114997 0.050498683 0.0052030855
unicamente -0.340364 -0.10426192 -0.15546966 -0.19859411 -0.276338 0.3583838 -0.60411626 -0.25982532 -0.16490304 0.6460732 0.23019294 0.19763073 0.5448344 -0.7735313 -0.44784242 -0.014116674 -0.14503582 -0.07862129 -0.07071925 -0.47911876 -0.21231107 0.423345 -0.1965886 0.15679775 0.50594985 -0.11919313 -0.5576328 0.8038146 0.018951572 -0.01909049
deben -0.3353514 -0.103918694 -0.16002055 -0.20635088 -0.2719588 0.39177984 -0.62534595 -0.26917174 -0.1842197 0.64711773 0.2364256 0.18023862 0.5688547 -0.7958651 -0.45645264 -0.01381919 -0.15434778 -0.07201109 -0.059661414 -0.47639042 -0.20922181 0.4370813 -0.18742463 0.13230513 0.5367712 -0.11626558 -0.57324964 0.80176735 0.026341937 0.0015260252
radicadas -0.33476022 -0.11730286 -0.14881292 -0.21659885 -0.28777507 0.39024252 -0.6552429 -0.26731226 -0.17560622 0.67316973 0.2242017 0.20489398 0.5854031 -0.82130915 -0.4539806 -0.021347418 -0.16217878 -0.10447967 -0.08997347 -0.4971618 -0.19423436 0.46861246 -0.18719354 0.15101215 0.5400858 -0.114162914 -0.60973734 0.8259116 0.052758478 -0.019444868
fisico -0.3291965 -0.1071525 -0.1535706 -0.21888271 -0.2878747 0.3862974 -0.6167561 -0.28073046 -0.1770601 0.6525103 0.20696083 0.18282129 0.55096406 -0.76526964 -0.4584056 -0.025801888 -0.13819207 -0.08190454 -0.07662369 -0.46762127 -0.1847912 0.42193812 -0.21044692 0.15705384 0.517688 -0.096320994 -0.5825952 0.7860552 0.038638286 -0.003957658
pagan -0.30555502 -0.09396051 -0.13447677 -0.18512808 -0.24791546 0.34280106 -0.5659032 -0.22975735 -0.1484663 0.6037268 0.19836465 0.16144757 0.50310725 -0.7192058 -0.4206415 -0.027727189 -0.12702245 -0.07584645 -0.07187522 -0.42411092 -0.18620616 0.4066723 -0.18500964 0.13528553 0.49508378 -0.10421568 -0.54420197 0.7316305 0.035517994 -0.0073477617
radican -0.32352358 -0.112651706 -0.13649613 -0.19924018 -0.28044412 0.36555007 -0.58518064 -0.25074255 -0.16046679 0.60475147 0.21312957 0.19071546 0.5120153 -0.7074112 -0.40750352 -0.031168832 -0.13725127 -0.095821306 -0.059970472 -0.4552098 -0.17493288 0.4119302 -0.19304937 0.14332661 0.48785305 -0.09908214 -0.5377375 0.7541463 0.01904108 -0.026867634
tiene -0.21952687 -0.08140412 -0.11588827 -0.13158773 -0.18405558 0.27734324 -0.43471625 -0.20019074 -0.11462086 0.44699252 0.13816996 0.13113521 0.39806113 -0.52226627 -0.28978306 -0.013293306 -0.08508638 -0.054983772 -0.05586378 -0.3415575 -0.121742114 0.31442332 -0.1383611 0.099456705 0.3618919 -0.056493048 -0.3814894 0.56861603 0.021376668 -0.006964264
encuentra -0.23805629 -0.0863228 -0.11584713 -0.1535975 -0.22011594 0.27415133 -0.46878853 -0.2037653 -0.11511819 0.4875013 0.14760649 0.15374586 0.40839338 -0.56927913 -0.33889595 -0.01940348 -0.10737144 -0.075748086 -0.055590894 -0.34753063 -0.1394463 0.3192373 -0.14914174 0.12108047 0.39083168 -0.08286344 -0.43033645 0.6025467 0.014886288 -0.023462228
contabilizada -0.20404993 -0.08792386 -0.08316247 -0.11041024 -0.16641752 0.25045103 -0.3728997 -0.17505573 -0.09435014 0.4051376 0.1266344 0.10023456 0.3428758 -0.49378157 -0.25909147 -0.020309955 -0.09604836 -0.055568025 -0.052954774 -0.2803914 -0.12681416 0.2792036 -0.13682826 0.081517644 0.3218692 -0.06425126 -0.35792875 0.5118104 0.0040580947 -0.014978791
validacion -0.25454122 -0.088651665 -0.10837326 -0.13940717 -0.2017889 0.27450094 -0.45022526 -0.18351553 -0.13787961 0.45801345 0.14072044 0.14830223 0.39973783 -0.5649204 -0.3338952 0.00026235767 -0.1120891 -0.046052866 -0.07272913 -0.3588749 -0.14653097 0.33408013 -0.12362938 0.12016086 0.39486524 -0.09048361 -0.42690325 0.59506756 0.03098041 0.008473403
implemento -0.28920567 -0.09656287 -0.1248994 -0.18350336 -0.2548272 0.31223294 -0.5155168 -0.23084116 -0.14963043 0.53773564 0.17660919 0.16366117 0.46775052 -0.64700675 -0.35838208 -0.012326127 -0.12828033 -0.070474595 -0.061309516 -0.40778664 -0.16819611 0.37170467 -0.16069834 0.1336402 0.4466433 -0.07914274 -0.46898544 0.67249876 0.038460508 -0.024157332
entidades -0.30936798 -0.11385641 -0.15828171 -0.1948976 -0.2582528 0.33808 -0.5737226 -0.263737 -0.16997139 0.61020195 0.21201836 0.1652839 0.52467364 -0.73396105 -0.399741 -0.0062728617 -0.12458643 -0.07955157 -0.06441738 -0.44888234 -0.18477677 0.41430956 -0.19051136 0.13061444 0.48920217 -0.098081775 -0.54194796 0.7483282 0.033890866 -0.01759514
bancarias -0.32480776 -0.09733715 -0.147804 -0.18066582 -0.26336873 0.35379004 -0.5626509 -0.25529063 -0.14866264 0.5913847 0.20852472 0.16143198 0.4999138 -0.72001266 -0.40406856 -0.030104466 -0.14144208 -0.06805624 -0.06255998 -0.4310126 -0.19626118 0.41964936 -0.18766849 0.15245971 0.4869508 -0.095195405 -0.5268421 0.75071555 0.03072201 0.00065566413
nivel -0.30308333 -0.12108767 -0.15295859 -0.20218758 -0.26180407 0.36725023 -0.5783153 -0.24223414 -0.15547483 0.5975715 0.20050445 0.19130932 0.5028359 -0.7126197 -0.42197847 -0.012002415 -0.13784215 -0.07574276 -0.076481916 -0.4492419 -0.17352222 0.4138382 -0.18493597 0.13435908 0.47352162 -0.108381376 -0.5169021 0.7484586 0.035873994 -0.027247349
acreedor -0.21868415 -0.081369236 -0.095457606 -0.13827308 -0.17954467 0.23356912 -0.39255482 -0.15603831 -0.097109586 0.4193675 0.13083139 0.11915309 0.34435135 -0.50302225 -0.2860427 -0.019309014 -0.083796315 -0.04843404 -0.05029457 -0.31050456 -0.11134028 0.26221365 -0.12226272 0.08777436 0.3321719 -0.053231657 -0.35147825 0.49075863 0.032101758 -0.00724859
economicos -0.20798124 -0.07271703 -0.089356594 -0.10827477 -0.17797111 0.2383121 -0.3753263 -0.14679936 -0.0944701 0.3640656 0.12419173 0.116531 0.32859698 -0.46531397 -0.25213873 -0.027588053 -0.08659778 -0.038298845 -0.04678748 -0.29810137 -0.11827908 0.25119647 -0.11935235 0.084568985 0.30532262 -0.058365025 -0.3530058 0.47345412 0.010767042 -0.017202204
estado -0.20861056 -0.08980874 -0.08488518 -0.12706096 -0.19884579 0.26654187 -0.39512047 -0.18518138 -0.09996496 0.4121232 0.15197895 0.13769694 0.36731473 -0.52535665 -0.30163676 -0.029740017 -0.094050996 -0.05859386 -0.047221623 -0.3051582 -0.13182119 0.28068757 -0.114876345 0.08421621 0.35268146 -0.07288309 -0.3792718 0.5154742 0.020746233 -0.012260128
nacional -0.31127486 -0.09594071 -0.13966432 -0.19577484 -0.28024378 0.34928748 -0.5642966 -0.25459585 -0.16890557 0.5974837 0.19886799 0.17523077 0.52892774 -0.73914194 -0.42543006 -0.0019272057 -0.14389096 -0.08990619 -0.08259044 -0.46144706 -0.2027061 0.39984518 -0.16846195 0.14046341 0.4750363 -0.10663412 -0.54940796 0.7436761 0.019789124 0.00048625772
validar -0.20298043 -0.08841028 -0.090203695 -0.1345407 -0.18088391 0.23591875 -0.39392036 -0.1734208 -0.09154369 0.38214043 0.12425164 0.10225 0.3588258 -0.4992717 -0.28543088 -0.004047127 -0.07219298 -0.036867104 -0.039583437 -0.30037504 -0.119018875 0.26743203 -0.11948745 0.0780361 0.3361604 -0.05566949 -0.34337938 0.50319904 0.010909368 -0.010779072
notificacion -0.14870158 -0.03251327 -0.055005085 -0.06960355 -0.10151196 0.14923885 -0.23181856 -0.114040434 -0.07202107 0.24011806 0.08068746 0.062155552 0.22574112 -0.292657 -0.17685944 0.008637559 -0.06764731 -0.03033625 -0.019600866 -0.17391941 -0.09546581 0.16225421 -0.08444425 0.056475285 0.22308335 -0.05439895 -0.22696477 0.32109863 0.01032123 0.008286456
causacion -0.26126945 -0.08168011 -0.098265715 -0.14538291 -0.19248137 0.28976387 -0.44104177 -0.19466153 -0.11575571 0.47760415 0.171485 0.12719531 0.39692897 -0.5551682 -0.31428832 0.0005329797 -0.11185229 -0.054101933 -0.048971348 -0.3575316 -0.14675456 0.3331854 -0.14214541 0.10911884 0.36721665 -0.06486021 -0.40087217 0.56441736 0.033266954 -0.020087624
sistema -0.18650386 -0.07857464 -0.0715805 -0.10106523 -0.15240654 0.19732903 -0.34492713 -0.162209 -0.0864078 0.36776486 0.11481448 0.11017799 0.32689077 -0.4410645 -0.26058716 -0.0020070213 -0.06588375 -0.059213456 -0.04772033 -0.27484846 -0.10279456 0.26136467 -0.09315746 0.093988135 0.30918795 -0.04325243 -0.33506092 0.4522009 0.007447408 -0.010032663
solicitudndo -0.19973756 -0.054906327 -0.08218011 -0.104392245 -0.16446875 0.22809322 -0.3501157 -0.14036956 -0.10741799 0.36763033 0.1321765 0.11402942 0.3174005 -0.43891075 -0.2601356 -0.021752747 -0.08363942 -0.05597995 -0.047335118 -0.28528604 -0.09763921 0.23399797 -0.12147922 0.09702475 0.3053335 -0.07357444 -0.3359803 0.43783703 0.024653872 -0.0223902
alterno -0.21678045 -0.09514115 -0.114282034 -0.1298112 -0.19313979 0.26335627 -0.39983383 -0.19346233 -0.109499775 0.4280226 0.14471465 0.13462192 0.3863344 -0.5156898 -0.28505668 0.002356245 -0.09966381 -0.040232066 -0.066790104 -0.32025367 -0.11732662 0.30270013 -0.14681277 0.104311764 0.34149426 -0.07791239 -0.3752766 0.5297728 0.017482372 0.0037921052
responde -0.09664414 -0.039396483 -0.05370742 -0.07697706 -0.09175117 0.11837253 -0.21081613 -0.0822718 -0.04299421 0.220285 0.060818695 0.057615723 0.19551663 -0.24603789 -0.1487931 -9.596211e-05 -0.033273943 -0.03989435 -0.023117438 -0.17198531 -0.05455712 0.15656434 -0.072675675 0.051429626 0.17692943 -0.045775425 -0.1866722 0.26412943 0.017222159 0.0018478776
persona -0.19707057 -0.07188645 -0.087900825 -0.119390495 -0.17333794 0.25451118 -0.3872296 -0.17602764 -0.11075327 0.40785852 0.12637697 0.11977438 0.33640158 -0.49752784 -0.27585712 -0.015321168 -0.082999416 -0.039498582 -0.036471374 -0.28458476 -0.12766469 0.25874484 -0.12397626 0.1054828 0.3318131 -0.05904434 -0.3514646 0.49887222 0.0293222 -0.023529781
genera -0.14222497 -0.05910469 -0.08040504 -0.0899489 -0.13814515 0.17803495 -0.3022017 -0.13724 -0.080505215 0.30110955 0.09367929 0.096929185 0.27398267 -0.34538126 -0.19456603 -0.0046982146 -0.081047274 -0.049653932 -0.03206878 -0.22737397 -0.106159545 0.19496027 -0.080808006 0.059056107 0.24539725 -0.061076716 -0.26382235 0.38081226 0.01909168 0.004260044
filtro -0.16188756 -0.070887946 -0.09145102 -0.103320085 -0.15341367 0.19960335 -0.32348266 -0.12973583 -0.1008885 0.32533118 0.1084754 0.08602073 0.275761 -0.40129745 -0.2316441 -0.006535867 -0.061633654 -0.044824257 -0.024951074 -0.23602122 -0.11097592 0.22149324 -0.0883877 0.08503967 0.28247976 -0.050083227 -0.28178978 0.4209526 0.020412728 0.002982827
administrador -0.17015043 -0.061747003 -0.068570234 -0.08513475 -0.13511014 0.19289036 -0.29780844 -0.13972823 -0.09278144 0.30444488 0.09802731 0.07653687 0.2762479 -0.3784288 -0.20310302 -0.017301928 -0.07471379 -0.054253712 -0.045568958 -0.23350224 -0.07879828 0.21955135 -0.089183725 0.06066275 0.23298624 -0.05131042 -0.2748697 0.385744 0.016676608 -0.01694426
operativa -0.26858482 -0.10470172 -0.12663384 -0.17236926 -0.22285648 0.31513694 -0.49292645 -0.2225219 -0.13359246 0.539597 0.17759207 0.14031607 0.4526062 -0.64858764 -0.36900216 -0.0004365458 -0.10916999 -0.06849181 -0.05805956 -0.386548 -0.15118903 0.3501356 -0.15592192 0.12363409 0.428885 -0.099245355 -0.48276937 0.67252374 0.027448338 -0.019207988
pco -0.3159727 -0.10335398 -0.148601 -0.18030186 -0.24879465 0.36117733 -0.55357426 -0.23549186 -0.15880056 0.60134983 0.20073305 0.15695137 0.5102719 -0.7033005 -0.41533425 -0.02841246 -0.14329211 -0.09218242 -0.056588978 -0.4439753 -0.19020456 0.39291364 -0.17397562 0.118619874 0.47509253 -0.08563713 -0.53578895 0.7431069 0.026626296 -0.021658564
tener -0.34531388 -0.107524365 -0.1435814 -0.2036463 -0.27039042 0.39304137 -0.61195606 -0.2574208 -0.1799172 0.62708193 0.20048413 0.18828705 0.5356028 -0.76396185 -0.44464508 -0.028688293 -0.12985 -0.0793962 -0.06875806 -0.48639736 -0.20223214 0.44585994 -0.20636329 0.14982764 0.5140569 -0.10654176 -0.58498144 0.7871608 0.031534154 0.0024212482
sin -0.20098028 -0.068980284 -0.09314494 -0.13692783 -0.18125536 0.22885418 -0.3948431 -0.15835738 -0.12132648 0.3998054 0.122056246 0.103023335 0.35231072 -0.48401836 -0.27504644 -0.023033092 -0.09777295 -0.04265129 -0.039720565 -0.30787638 -0.10670103 0.27108976 -0.12240888 0.10871824 0.34123462 -0.06325473 -0.36830017 0.50006336 0.029337423 0.0008467391
atendiendo -0.22223212 -0.08857354 -0.108538315 -0.12242045 -0.19057472 0.26849 -0.421153 -0.1787755 -0.13364832 0.45974466 0.13467558 0.12827966 0.39874357 -0.54409826 -0.31203482 -0.026218139 -0.10201501 -0.066272125 -0.06505225 -0.33121464 -0.15269889 0.31786245 -0.13617492 0.10693731 0.37061876 -0.08272719 -0.3843739 0.54436016 0.033186097 -0.0045757643
consulta -0.2033038 -0.07335845 -0.10921317 -0.13050313 -0.190949 0.25192297 -0.38606137 -0.15060106 -0.097939834 0.39524275 0.12426122 0.105389655 0.33415857 -0.4937117 -0.27656 -0.0015389286 -0.10245855 -0.06655956 -0.035457265 -0.29276115 -0.13654466 0.27644455 -0.12271369 0.09379705 0.30983922 -0.05430853 -0.34570006 0.50460863 0.028866433 -0.017551653
son -0.30853006 -0.09996206 -0.15150942 -0.17455451 -0.27713898 0.36332333 -0.5653687 -0.2576749 -0.17820522 0.602307 0.2172845 0.17972252 0.5307142 -0.7206093 -0.4255686 -0.018087206 -0.13063909 -0.072094604 -0.067436196 -0.438852 -0.18460608 0.39721102 -0.17829537 0.14575647 0.50817525 -0.09421814 -0.5311493 0.7440411 0.020443156 -0.0004961124
seguridad -0.1534654 -0.06798038 -0.06761897 -0.090820424 -0.12568687 0.17193602 -0.2890309 -0.11803351 -0.09664264 0.31086233 0.087299444 0.09230165 0.2669042 -0.36140788 -0.19949386 -0.0044894037 -0.070760466 -0.03432516 -0.047480464 -0.22063968 -0.10100052 0.22354871 -0.09618605 0.06498026 0.2547516 -0.037640616 -0.2675942 0.39790586 0.009110851 0.00937982
documento -0.21746252 -0.078064896 -0.08975821 -0.11948265 -0.19501178 0.23473871 -0.40064594 -0.17180765 -0.100675255 0.40276617 0.14937924 0.11150195 0.3457473 -0.49391866 -0.27752307 -0.006880929 -0.079334594 -0.060272 -0.054955084 -0.2931074 -0.12222615 0.28304815 -0.13767141 0.10227861 0.34756246 -0.05549479 -0.37333792 0.51590383 0.008136517 0.0052761543
tramite -0.21370916 -0.08350687 -0.09517267 -0.13722672 -0.1660703 0.2589509 -0.40556294 -0.16254811 -0.097456835 0.41283768 0.14094849 0.12757832 0.34364614 -0.50872433 -0.288804 0.0017915741 -0.08614857 -0.054460384 -0.051485736 -0.3122927 -0.11989099 0.29468256 -0.13648672 0.08892956 0.32390183 -0.061392985 -0.35368398 0.52159077 0.029787112 0.00870725
registra -0.18800011 -0.07154299 -0.09452658 -0.098264284 -0.14448054 0.20503214 -0.32151955 -0.13251296 -0.08709285 0.31997418 0.12616362 0.1001661 0.29524806 -0.3907247 -0.2172757 0.0021647892 -0.08289564 -0.041671455 -0.053894088 -0.23588598 -0.092568666 0.23967625 -0.111218795 0.09352786 0.2796714 -0.058659825 -0.3152093 0.42276943 0.019993309 0.008279437
fin -0.21867912 -0.08174503 -0.0988716 -0.13087924 -0.17736326 0.21691452 -0.3852089 -0.16922826 -0.1184358 0.39947796 0.13001491 0.097192585 0.33828378 -0.45709643 -0.27912453 -0.027220402 -0.07207618 -0.044735406 -0.050835237 -0.29153928 -0.11828005 0.26253992 -0.118867576 0.08924689 0.30682573 -0.052209068 -0.35550186 0.49624574 0.032590188 0.0014588322
cargo -0.20773554 -0.08325995 -0.10711354 -0.13238496 -0.17682616 0.23826165 -0.38500965 -0.17476872 -0.11345395 0.3780768 0.13555694 0.11157247 0.31649548 -0.44869724 -0.25630298 -0.008125158 -0.09622306 -0.06201652 -0.051952332 -0.28866053 -0.118455924 0.25185493 -0.10421628 0.09754587 0.31139565 -0.06383967 -0.34605935 0.4781899 0.028875953 -0.01812543
indica -0.18478473 -0.07860334 -0.068602294 -0.108088695 -0.15319331 0.1930926 -0.34178415 -0.13154177 -0.0877719 0.33242077 0.11499128 0.09530236 0.30369422 -0.41322735 -0.24176745 -0.008989646 -0.06803567 -0.055810113 -0.046553984 -0.246367 -0.11339797 0.23016189 -0.10322149 0.07643157 0.28525016 -0.06734107 -0.29983163 0.45039764 0.032195915 0.0015974084
mismo -0.25183424 -0.08874578 -0.10368028 -0.15457755 -0.20431866 0.28045523 -0.47491542 -0.20789754 -0.12104421 0.47152662 0.1527571 0.13025393 0.42695722 -0.593912 -0.3371928 -0.004796184 -0.09428871 -0.06695193 -0.072025985 -0.36659542 -0.15547396 0.32175484 -0.13890326 0.10646414 0.38300627 -0.09430444 -0.44633615 0.61114883 0.03507002 -0.01270291
medio -0.19506261 -0.06471156 -0.08973558 -0.10538235 -0.15507838 0.2372445 -0.36693254 -0.16043015 -0.084956504 0.3725023 0.12906057 0.09872945 0.33209106 -0.4517467 -0.2736852 -0.012069079 -0.09678329 -0.05974532 -0.060958944 -0.28437176 -0.114841506 0.24796882 -0.09569219 0.07194447 0.31768802 -0.051557876 -0.33029607 0.45865974 0.03653174 0.0013330567
sea -0.20656593 -0.08161844 -0.07837517 -0.11394679 -0.1496158 0.21935421 -0.3511483 -0.17130628 -0.08977659 0.36361948 0.13396175 0.12455801 0.32555836 -0.44882 -0.26189995 -0.011350445 -0.06780473 -0.044886928 -0.055752303 -0.28281385 -0.1229183 0.25900435 -0.09847576 0.07837722 0.29154378 -0.07799575 -0.33475047 0.46702024 0.031557765 -0.023037745
hacer -0.34902504 -0.12002685 -0.1650201 -0.19202358 -0.2933054 0.39390954 -0.6271108 -0.29157642 -0.18548726 0.6537869 0.20947291 0.18628328 0.5593814 -0.8009899 -0.4444286 -0.0023727498 -0.1341897 -0.10237593 -0.07158774 -0.4987814 -0.20656954 0.45162633 -0.20949718 0.1533865 0.55269474 -0.122974336 -0.5899834 0.8446381 0.0452188 -0.014409618
enviado -0.21411337 -0.093847476 -0.08532179 -0.12556839 -0.2020421 0.24721979 -0.40607125 -0.1839799 -0.10231966 0.43124998 0.14840421 0.114528626 0.3713581 -0.51188105 -0.28190282 -0.010733212 -0.107030265 -0.071204886 -0.0620683 -0.31154007 -0.13035505 0.3027231 -0.12453391 0.090153694 0.35890895 -0.062269848 -0.3834289 0.53790563 0.013186557 -0.016220931
contrato -0.15380757 -0.042233 -0.083017305 -0.08244494 -0.13273257 0.16429752 -0.27013838 -0.12595603 -0.06377378 0.27135122 0.10359939 0.0874591 0.23326166 -0.3623064 -0.21333678 -0.023235582 -0.066103555 -0.04276381 -0.029431835 -0.20590602 -0.08925788 0.1856599 -0.10212218 0.07395353 0.22876373 -0.0522432 -0.2566506 0.36700734 0.010627308 -0.0064277784
implementacion -0.24407601 -0.06397174 -0.11033763 -0.14495975 -0.20765276 0.24837449 -0.4303968 -0.1957132 -0.11867009 0.43084112 0.13684575 0.1366093 0.39356446 -0.52364707 -0.3190955 -0.0063010026 -0.111540176 -0.04645539 -0.05413186 -0.34564903 -0.1229533 0.31444293 -0.135397 0.092059955 0.36828083 -0.084164485 -0.39990762 0.54889435 0.04085762 -0.020246664
continuidad -0.22860883 -0.09102348 -0.0907151 -0.15514125 -0.19295728 0.26043993 -0.4249469 -0.18086441 -0.11141185 0.44754604 0.16732962 0.120999195 0.37799826 -0.5551682 -0.32261997 0.0031336562 -0.10456567 -0.044091452 -0.04694372 -0.33067018 -0.122929834 0.30150038 -0.13716502 0.08972632 0.3721907 -0.08900048 -0.4139689 0.55677605 0.041253444 -0.0077901143
datos -0.17739679 -0.05074168 -0.0978678 -0.10516083 -0.15913758 0.20626917 -0.34036863 -0.1438281 -0.10035872 0.32751793 0.12898079 0.096241005 0.3035525 -0.42723277 -0.23698513 -0.007040125 -0.069006555 -0.048466023 -0.045753926 -0.24599418 -0.11413242 0.23414497 -0.09042349 0.06428672 0.26853672 -0.045189306 -0.3037311 0.42217097 0.033546116 -0.014482149
empresa -0.17493255 -0.060356107 -0.06348436 -0.103085354 -0.15190184 0.19862509 -0.30699396 -0.12445216 -0.077834286 0.31650415 0.094221786 0.09458106 0.2796207 -0.38305694 -0.22578798 -0.013618513 -0.059015155 -0.033041805 -0.027645415 -0.23246291 -0.102952085 0.21760719 -0.090954356 0.076116815 0.26544517 -0.042440724 -0.30033034 0.4026921 0.006760413 -0.013405068
fbra -0.21113639 -0.059647944 -0.08614778 -0.10206102 -0.1473848 0.22923154 -0.35943767 -0.13958825 -0.0841037 0.3711866 0.10949781 0.11553333 0.31481862 -0.4574835 -0.27306262 -0.018511096 -0.095088445 -0.044330068 -0.05192455 -0.29145736 -0.115274295 0.26524708 -0.119324 0.093111604 0.2975161 -0.06958975 -0.3298506 0.46514142 0.02954328 -0.009856911
tan -0.24169004 -0.08568949 -0.113305 -0.16029105 -0.21863566 0.2913576 -0.4741359 -0.18877181 -0.14209658 0.49166235 0.15193231 0.13701591 0.4354794 -0.57975805 -0.35087952 -0.0026956934 -0.10177822 -0.059734978 -0.074817635 -0.36446866 -0.15632398 0.33274534 -0.1339467 0.09628463 0.39486405 -0.07072474 -0.44729665 0.6038314 0.02566399 0.0017771047
pronto -0.2592202 -0.07382411 -0.105373785 -0.145029 -0.2277721 0.28662184 -0.4733525 -0.20564578 -0.13945772 0.49241677 0.16847268 0.15563342 0.41596565 -0.5923174 -0.33380064 -0.015463579 -0.12054682 -0.059904058 -0.06367602 -0.36039534 -0.14020802 0.31670564 -0.13387634 0.12297989 0.383508 -0.06853596 -0.42997673 0.6168143 0.023678206 0.008017492
verifique -0.16973801 -0.055829056 -0.087849796 -0.09885271 -0.12602949 0.16497436 -0.30556014 -0.11406667 -0.078724705 0.3047785 0.098997 0.10469398 0.27247196 -0.37368992 -0.20736414 -0.010612847 -0.07165737 -0.03198221 -0.03599476 -0.22008795 -0.092495956 0.19177084 -0.089191966 0.06542588 0.24453066 -0.038485464 -0.2743459 0.3725086 0.010067421 0.008257508
solucionado -0.15577252 -0.051759817 -0.08264604 -0.07590649 -0.11571917 0.16704758 -0.28121164 -0.111732855 -0.068275616 0.30421486 0.1148778 0.10073647 0.2539462 -0.3515133 -0.20633236 0.0061077555 -0.07118106 -0.024428837 -0.029628402 -0.21054497 -0.07430048 0.19237766 -0.10089321 0.07682103 0.23759033 -0.05280828 -0.25804695 0.36020643 0.026179587 -0.0011403618
recuerda -0.29823568 -0.10957466 -0.13680032 -0.18951878 -0.26339883 0.3550058 -0.54368967 -0.23768677 -0.16649275 0.5834769 0.19920713 0.18526033 0.48605582 -0.6977532 -0.4019876 -0.012934352 -0.14096195 -0.08387773 -0.08250735 -0.4242233 -0.18086022 0.38725564 -0.16396606 0.13252072 0.48324022 -0.09046105 -0.5322116 0.7302817 0.022297265 0.0072188526
unicos -0.31562203 -0.09896179 -0.126675 -0.19369286 -0.2769163 0.34777015 -0.5726228 -0.24460405 -0.15717942 0.5799946 0.21173255 0.17989138 0.5195088 -0.7251297 -0.40274078 -0.007599081 -0.12705018 -0.06712566 -0.085295156 -0.45856968 -0.2013691 0.40115637 -0.19642612 0.14152946 0.4993048 -0.10452704 -0.5366544 0.7337459 0.04434006 0.0034287218
encargos -0.3101652 -0.112817384 -0.14816229 -0.19318497 -0.27936894 0.36326966 -0.59009683 -0.24472189 -0.14864464 0.6157818 0.22103569 0.18191485 0.5094553 -0.7308954 -0.4283573 -0.0025873997 -0.14621161 -0.06814953 -0.07507904 -0.4618148 -0.19683121 0.42680207 -0.18904479 0.13899937 0.50077593 -0.08512648 -0.53890395 0.76486796 0.018944124 -0.023501087
bancos -0.345431 -0.1252058 -0.14265974 -0.20314053 -0.2841283 0.38262618 -0.6185781 -0.26737425 -0.17993 0.63548684 0.22241141 0.18614605 0.54648954 -0.76195735 -0.4326646 -0.025762748 -0.14681056 -0.08931313 -0.09089967 -0.46419212 -0.20862266 0.42097765 -0.20692307 0.1476229 0.50185305 -0.09133228 -0.5637541 0.77789307 0.04789963 0.0065112608
