54 30
factura 0.019226104 0.29903525 0.09431359 -0.08908954 -0.46630722 0.0036988012 -0.18409671 0.03191115 -0.2131227 0.0072677946 -0.043905925 0.12442457 0.3600689 -0.10338376 -0.11668378 -0.08219265 0.34536588 -0.2469541 -0.15852928 0.13762948 -0.01694024 0.11949355 -0.07225994 0.09993115 0.040733602 -0.01355596 -0.2560411 -0.054645423 -0.5057711 -0.18578115
solicitud 0.0003839071 0.10146495 0.04442211 -0.017912919 -0.16891293 -0.009763527 -0.06975567 0.03111872 -0.08511448 0.02066533 -0.002872819 0.03319824 0.12109296 -0.03616497 -0.050128486 -0.033693276 0.122453466 -0.07832246 -0.05312436 0.06889527 -0.00164568 0.04739433 -0.041199125 0.04730203 0.0030107524 -0.025217876 -0.09366783 -0.01649689 -0.17903937 -0.056962404
endoso 0.009725881 0.15315059 0.05041342 -0.048999157 -0.23835593 -0.0074165184 -0.09469407 0.0044678245 -0.09327284 0.02415366 -0.016394136 0.07671577 0.19790758 -0.047898136 -0.065272965 -0.058769044 0.17025118 -0.11671013 -0.07399241 0.06902848 -0.002773664 0.073404044 -0.054248154 0.043222632 0.015055746 -0.028554503 -0.12775952 -0.017700542 -0.27270836 -0.0876104
pago 0.016724521 0.2648294 0.09301309 -0.07926746 -0.40398836 -0.0057770982 -0.1740222 0.037649777 -0.18687268 0.0025234479 -0.023700362 0.09378801 0.3327291 -0.08106524 -0.09278434 -0.08596649 0.306598 -0.24045624 -0.13273244 0.113494925 -0.014965617 0.0896141 -0.08199993 0.09530323 0.05198769 -0.02365095 -0.2582158 -0.035543863 -0.47504014 -0.17590383
banco 0.03197092 0.38498688 0.12651373 -0.12191001 -0.60459775 0.0073233848 -0.25132492 0.043627698 -0.2593348 0.005309506 -0.053766765 0.15226665 0.4554427 -0.12937589 -0.16097173 -0.10541147 0.48408338 -0.3481419 -0.20534088 0.19837053 -0.010795734 0.16425574 -0.12114698 0.12963997 0.0722181 -0.040912677 -0.36881545 -0.09185068 -0.69484097 -0.25201002
informacion 0.013843252 0.087433584 0.03121022 -0.029737892 -0.13185835 0.010291107 -0.057205036 0.026693175 -0.056721244 -0.0065765698 -0.0107365465 0.038606945 0.09541692 -0.04344393 -0.024324473 -0.04103916 0.11585473 -0.061167493 -0.03833768 0.054451533 0.013232101 0.045434598 -0.02575544 0.03676763 -0.003413133 -0.007904179 -0.095637366 -0.023408886 -0.1596289 -0.04696321
derechos 0.003929017 0.21784265 0.077379 -0.056043632 -0.3333317 -0.016254075 -0.12737164 0.039381884 -0.15335977 -0.0037392073 -0.042896204 0.09809333 0.27894855 -0.057119153 -0.09481658 -0.06998728 0.26086405 -0.19887336 -0.10454537 0.10667113 -0.019067958 0.07925235 -0.055939138 0.08412233 0.040270004 -0.034842227 -0.21665074 -0.032795466 -0.3968893 -0.13778745
av 0.035747517 0.4388399 0.14184384 -0.12328098 -0.66411376 0.009169087 -0.26290682 0.042039346 -0.2977515 0.026972866 -0.08078084 0.18704885 0.5305735 -0.14320508 -0.17203179 -0.13700648 0.5306527 -0.37858114 -0.20913273 0.21958487 -0.0074517466 0.16622292 -0.14613166 0.13437758 0.052495543 -0.040461674 -0.38148573 -0.09728545 -0.7726231 -0.29521227
villas 0.03367089 0.42026952 0.15399612 -0.120153874 -0.66312975 -0.00828968 -0.2736263 0.06437285 -0.28590998 0.03379216 -0.052341785 0.190177 0.5205485 -0.13340592 -0.16043058 -0.121024944 0.5205664 -0.37388027 -0.19232784 0.19129948 -0.020788124 0.1707002 -0.12891434 0.13597849 0.05016392 -0.04282436 -0.37241492 -0.07076491 -0.75247616 -0.2890126
cesion 0.016970694 0.14140789 0.061352283 -0.05294959 -0.24031234 -0.0033240162 -0.08590702 0.032187168 -0.09358536 0.020003175 -0.036131315 0.07338699 0.18014568 -0.059431333 -0.07271537 -0.03776752 0.18655175 -0.11506997 -0.0777897 0.0657664 0.009640544 0.06328699 -0.033923943 0.0647825 0.016324904 -0.032365393 -0.15287764 -0.017263625 -0.25892147 -0.10308361
expresa 0.022100452 0.45028788 0.16013598 -0.14752954 -0.7132396 -0.0086915465 -0.27589715 0.062115274 -0.29224548 0.032507665 -0.06586155 0.1966766 0.53565437 -0.1357185 -0.18877554 -0.13614185 0.55727094 -0.3855009 -0.22907597 0.22449732 -0.006761867 0.16222414 -0.15225106 0.13815917 0.060729418 -0.047408532 -0.4197027 -0.07897828 -0.78737766 -0.307701
estado 0.015367645 0.00084567815 0.020478657 -0.0012343172 -0.033252064 0.01573017 0.00243977 -0.008396316 0.0039019298 -0.0080090165 0.00827091 0.01917075 0.01711563 -0.01887828 -0.015938913 -0.020047111 0.016447594 -0.014632076 -0.0020176633 0.015060186 -0.0021905608 -0.0023906275 0.008941389 -0.009189086 0.0113658225 -0.004720169 -0.013949741 -0.015199834 -0.02432405 -0.013377507
proveedor -0.007965299 0.07290633 0.036001083 -0.010506686 -0.12719923 0.013945818 -0.036510754 0.016594175 -0.056958973 -0.0036954337 0.0001124182 0.02380334 0.1044832 -0.022850381 -0.040830888 -0.037093356 0.094758525 -0.07067567 -0.050960913 0.043798156 0.0015639765 0.018982474 -0.020755742 0.040291153 -0.00250044 0.0018298198 -0.07755679 -0.009011466 -0.13106245 -0.06945221
proceso 0.0026817855 0.113026 0.03605523 -0.0332508 -0.16339892 -0.0040792017 -0.07399308 0.021106854 -0.060611304 0.014322081 -0.024614476 0.047562 0.13860531 -0.038079776 -0.025745714 -0.040581625 0.120908454 -0.09435599 -0.05582015 0.05128057 -0.015443303 0.05232734 -0.041024134 0.033125248 0.023588134 -0.019940803 -0.09412418 -0.008408068 -0.19807066 -0.07456427
cuenta 0.034728274 0.30266976 0.122770384 -0.10951644 -0.49405447 -0.009793743 -0.20015608 0.056586653 -0.22595264 0.006997096 -0.042291135 0.15096773 0.40249008 -0.08884014 -0.14045425 -0.07480324 0.39573294 -0.2859071 -0.1615541 0.15508714 -0.011381811 0.13687816 -0.09521941 0.093763925 0.033719823 -0.047652725 -0.30909297 -0.07949991 -0.55655074 -0.21593568
presente 0.014632728 0.2968506 0.0870045 -0.101741165 -0.44017345 0.0106556555 -0.19082458 0.040047828 -0.2113897 0.006572949 -0.047793586 0.13022077 0.3380223 -0.100353576 -0.12947184 -0.07092664 0.35938314 -0.25572222 -0.14033666 0.12307823 -0.013823632 0.12864622 -0.091308475 0.08227532 0.05905611 -0.014893782 -0.2658985 -0.042483903 -0.51726913 -0.183536
consulta 0.009056054 0.038296945 -0.0007988806 -0.019662768 -0.07665786 0.01562926 -0.028476555 0.019305537 -0.01810342 0.0014376959 -0.014941891 0.00469056 0.037516437 -0.0257229 -0.017860046 -0.00015930575 0.03384754 -0.048371032 -0.0061762105 0.021504061 -0.014786994 0.020379884 -0.014559818 0.0144413505 -0.0075361645 0.0072000152 -0.026102556 -0.00022424484 -0.061378613 -0.036067013
receptor 0.0022079246 0.1447316 0.039497647 -0.026027413 -0.2212311 0.0034929782 -0.09890735 0.018188039 -0.09914197 0.019633226 -0.034883775 0.043379728 0.1715912 -0.05365275 -0.05686979 -0.02940332 0.17403057 -0.10687434 -0.053589575 0.07937518 0.0028183316 0.036596358 -0.04102074 0.049891546 0.03336676 -0.02182262 -0.12317151 -0.032156453 -0.24062169 -0.10150181
notificacion -0.00945428 0.08018597 0.028498236 -0.010370017 -0.092741884 -0.0029413719 -0.028025728 0.00081825594 -0.049153555 -0.01157068 -0.015393294 0.0142557565 0.08449478 -0.004715284 -0.026529573 -0.0026185974 0.06969031 -0.054395493 -0.021180823 0.048349056 -0.018123507 0.013457044 -0.02717114 0.019429864 0.02466516 -0.018780548 -0.059092738 -0.011816297 -0.12117993 -0.03139114
continuacion 0.02593092 0.298269 0.116847515 -0.107302606 -0.46175614 -0.007088887 -0.19839343 0.049377985 -0.19348772 0.031541195 -0.033600938 0.11648614 0.344408 -0.092593364 -0.12391384 -0.06999325 0.3742242 -0.24947667 -0.13762239 0.15873279 -0.011284353 0.11025234 -0.08595378 0.0860738 0.042742796 -0.03687046 -0.28314385 -0.049607813 -0.5420471 -0.2049927
realice 0.0068961885 0.33322725 0.105844595 -0.110536724 -0.5509093 0.00022214037 -0.22227104 0.03114574 -0.23528731 0.018085368 -0.063435316 0.14939675 0.4161459 -0.10802912 -0.1383825 -0.09431694 0.43307176 -0.29463142 -0.17917036 0.17315957 -0.011359915 0.13034207 -0.10872823 0.09958635 0.037413042 -0.04992572 -0.31331939 -0.08021622 -0.60406303 -0.24245752
economicos -0.0021067094 0.07648978 0.028224155 -0.014316185 -0.13501461 0.012380039 -0.06087707 0.021213474 -0.047379408 -0.010658521 -0.015858306 0.03768834 0.09634277 -0.030645646 -0.021423612 -0.03813473 0.09517642 -0.058144554 -0.039626144 0.023911456 -0.002954637 0.022534035 -0.028845906 0.022930058 0.00783282 -0.0038070765 -0.08593693 -0.017806701 -0.15062496 -0.063175194
adjunto -0.0011452792 0.08447885 0.025785677 -0.02445997 -0.13680947 0.0153487995 -0.035655092 0.006746892 -0.04658927 0.016997952 -0.00682379 0.027670734 0.08068793 -0.010558888 -0.038281843 -0.031412356 0.097050816 -0.06693486 -0.051117625 0.032583073 -0.016058346 0.04773967 -0.034574315 0.028126055 0.018832754 0.0022999824 -0.08618557 -0.008853455 -0.14742503 -0.050376352
factoring 0.005204025 0.08981979 0.014074793 -0.032065857 -0.12957019 0.0042401887 -0.060336135 0.010683294 -0.064103946 0.008616253 -0.006918259 0.04107804 0.11123303 -0.030240312 -0.02947277 -0.024684893 0.107636854 -0.07813593 -0.043211136 0.032007493 -0.018815205 0.031344157 -0.034896705 0.028477868 -0.0041625844 -0.02318964 -0.06962989 -0.014659241 -0.15879363 -0.05997607
emisor 0.024681538 0.33167326 0.09353865 -0.09322117 -0.5110498 -0.0028878967 -0.19243348 0.05641445 -0.20253669 0.0025020908 -0.05554195 0.14705546 0.38006872 -0.0898277 -0.12156018 -0.09748103 0.37491518 -0.27486414 -0.1664558 0.15853691 0.004700428 0.11473008 -0.082762584 0.093550794 0.04102051 -0.024692098 -0.30366474 -0.06357102 -0.56232905 -0.20497599
relaciono 0.035711788 0.3037814 0.10127695 -0.07171309 -0.46834916 0.005289587 -0.17793007 0.043926336 -0.19703579 0.017572753 -0.04462331 0.123539634 0.3644135 -0.10739427 -0.105011925 -0.09524952 0.33891493 -0.26769784 -0.1479254 0.13021562 0.004892177 0.12579475 -0.10072644 0.1074387 0.057065237 -0.030955995 -0.26295775 -0.067386165 -0.51883686 -0.20750436
mediante 0.02775186 0.3070904 0.114409775 -0.083862655 -0.4486927 -0.0133407945 -0.19163704 0.039978128 -0.21061216 0.02817375 -0.0550208 0.13164109 0.36507368 -0.090352714 -0.118977964 -0.09203812 0.36076877 -0.27035654 -0.14383346 0.13808163 0.0012851966 0.12066952 -0.09585595 0.097058415 0.053172763 -0.04493692 -0.25490272 -0.042270485 -0.53649676 -0.19197395
manifiesto 0.018662347 0.24868092 0.08459204 -0.09058337 -0.40355223 -0.004025389 -0.17629772 0.028576558 -0.18082593 0.02529973 -0.04862735 0.118616775 0.32675192 -0.07693404 -0.0991246 -0.088812575 0.33041087 -0.22755761 -0.13723215 0.12334519 0.008980745 0.10237409 -0.06411882 0.09343151 0.044791244 -0.017072756 -0.25018424 -0.05634023 -0.46280968 -0.18487674
hemos 0.031742003 0.2867118 0.08931116 -0.10209517 -0.45307842 0.012272555 -0.19899926 0.042016163 -0.2038375 -0.001312358 -0.031905122 0.11854843 0.35205713 -0.10835099 -0.101226576 -0.07039792 0.34819084 -0.25173858 -0.13879435 0.1308213 -0.017761596 0.12898292 -0.08326239 0.111652836 0.045132853 -0.029873295 -0.26827258 -0.07001715 -0.5187953 -0.2049157
autorizo 0.033639148 0.33087283 0.10769068 -0.09515958 -0.5298929 0.011545802 -0.21966463 0.047583044 -0.24957535 0.029455956 -0.061267495 0.15704954 0.4086433 -0.09642485 -0.14362615 -0.09129999 0.4117286 -0.30314627 -0.1680616 0.15224324 0.00696815 0.13888939 -0.1095864 0.118453264 0.06598411 -0.043950424 -0.32410935 -0.061824806 -0.6103353 -0.21045084
vencimiento 0.007985946 0.28833288 0.084531225 -0.08433543 -0.45396098 -0.014763275 -0.18317363 0.041360762 -0.20077702 0.0012830523 -0.039347533 0.10915763 0.36401337 -0.09869508 -0.11856243 -0.06852628 0.36534774 -0.25931683 -0.15737683 0.13771741 -0.007209514 0.11110385 -0.07305044 0.093852326 0.058060817 -0.0468448 -0.28203493 -0.048526432 -0.51738185 -0.20669502
electronica 0.0035452757 0.23084986 0.06659206 -0.051097147 -0.33460322 -0.0040777465 -0.15412836 0.02410946 -0.15200122 0.023354692 -0.035809014 0.08107046 0.26036623 -0.07806572 -0.09756584 -0.047804404 0.27373767 -0.1826525 -0.10644508 0.12086159 -0.004329257 0.08175445 -0.055125948 0.07783071 0.023352839 -0.010645702 -0.20789652 -0.035546053 -0.37750566 -0.14316511
ahorros 0.005220474 0.28565222 0.10186493 -0.10512056 -0.46543822 -0.004311735 -0.18483023 0.042231757 -0.19857237 0.017800571 -0.0394433 0.12697078 0.35494202 -0.08420449 -0.111292265 -0.08365507 0.36620453 -0.25919124 -0.1340924 0.15782844 -0.0006255232 0.13111795 -0.075488195 0.11531518 0.05904864 -0.028415939 -0.26993346 -0.07248252 -0.54875785 -0.20128891
dia 0.0034601265 0.1397058 0.035639413 -0.043883443 -0.2404631 0.00039380993 -0.105168015 0.00446453 -0.09782856 -0.0036455458 -0.012300885 0.06786313 0.171737 -0.050395306 -0.057576105 -0.03399546 0.15978843 -0.13508289 -0.068909675 0.0712667 0.008439717 0.053884417 -0.04921709 0.045363553 0.012663548 -0.008270269 -0.13677007 -0.036999058 -0.27196246 -0.09858198
nos 0.0068373107 0.049120825 0.024044532 -0.01846542 -0.10462949 0.0036112804 -0.031012366 0.013819679 -0.035923403 0.016012032 -0.01663378 0.017319988 0.08561457 -0.022311851 -0.012558164 -0.00920905 0.08316706 -0.04699427 -0.02658789 0.02968838 -0.0068103257 0.016230535 -0.005723041 0.0073138485 0.020440526 -0.01327368 -0.07023553 0.0037448364 -0.11564558 -0.047615655
carta -0.0033085204 0.13921493 0.036041245 -0.02594392 -0.19124264 0.0092114275 -0.07913827 0.032387313 -0.07985571 0.0167062 -0.033509444 0.051060896 0.15036982 -0.03291992 -0.06798632 -0.052390464 0.16927277 -0.11287332 -0.08179771 0.070468225 -0.0033634568 0.042126365 -0.038116626 0.030508883 0.026949093 -0.023723656 -0.123886086 -0.020677939 -0.24089426 -0.09920912
solicitudmos 0.012109836 0.049047653 0.028366342 -0.01881416 -0.10516297 0.007945927 -0.036588233 0.02251151 -0.046823364 0.0105680395 -0.0018981344 0.03244414 0.05702443 -0.022256918 -0.013550807 -0.0055773985 0.063442186 -0.057232007 -0.041850585 0.039258454 -0.0064025912 0.013975974 -0.0057671643 0.03406803 0.0097112795 -0.004985681 -0.06754135 -0.027080571 -0.10620253 -0.043221977
fecha -0.008524644 0.105230585 0.054127745 -0.021183949 -0.18890914 -0.010435634 -0.089494415 0.03226435 -0.094562985 0.007380977 -0.02164987 0.04234521 0.14036354 -0.04455843 -0.052645117 -0.049778134 0.13979304 -0.10958176 -0.06546967 0.05466719 -0.0021019864 0.040190622 -0.047798842 0.03323988 0.0013422484 -0.005452051 -0.124129385 -0.010093957 -0.23083329 -0.06760326
cargo -0.0011470506 0.04776739 0.0053594466 -0.032014884 -0.103183605 0.010085507 -0.05494123 -0.007471627 -0.052551925 -0.0010814855 -0.002829398 0.023855703 0.05868658 -0.0045954846 -0.01590727 -0.013688375 0.06361331 -0.06456039 -0.035300244 0.02622185 -0.0012637799 0.013973115 -0.006877269 0.028780695 0.008300443 -0.006587507 -0.058822535 -0.013741529 -0.100402534 -0.051496215
contenidos 0.024758883 0.21265647 0.066221595 -0.06048615 -0.3483972 0.005455708 -0.12556154 0.012402635 -0.16088237 -0.0032090174 -0.040290385 0.075546995 0.25273558 -0.073325016 -0.08151834 -0.05714799 0.2669053 -0.17102034 -0.09168615 0.1142937 -0.00993838 0.08867696 -0.07749966 0.086126104 0.04787381 -0.011039819 -0.18410413 -0.048895482 -0.39558378 -0.1471251
electronico -0.0073719057 0.03663336 0.018136712 -0.008795115 -0.052374672 -0.010826019 -0.041398704 -0.0020599219 -0.038664285 -0.006164949 -0.02261253 0.033372268 0.055804517 -0.025957353 -0.032433633 -0.0149674285 0.06460002 -0.04113366 -0.01595556 0.013713026 -0.010094432 0.012295053 -0.027343169 0.004562187 0.018713558 -0.004313033 -0.035925668 -0.0006679331 -0.08195858 -0.040716857
alternativo 0.011484979 0.108055234 0.040386382 -0.027973518 -0.1686134 0.009505189 -0.08120944 0.021521876 -0.07092816 0.01768346 -0.0247464 0.03310655 0.13219377 -0.025639601 -0.040668227 -0.017982567 0.13380316 -0.09514646 -0.055433996 0.067925505 0.0021518918 0.045251876 -0.01982714 0.045061927 0.019526923 0.0026207608 -0.10863829 -0.027475864 -0.21870333 -0.090899825
inde 0.012989065 0.11850213 0.050361123 -0.03193197 -0.1703282 0.00679801 -0.05760777 0.0011568568 -0.06764034 0.013461569 -0.0071150074 0.030775065 0.13181314 -0.045437552 -0.028094934 -0.0411913 0.11641765 -0.098974004 -0.037759606 0.048854977 0.004577194 0.05706588 -0.017545637 0.026273787 0.02168989 0.004065187 -0.08996406 -0.010028199 -0.20638278 -0.071569085
validar 0.008574873 -0.002795466 0.009618593 -0.014645616 -0.024219394 -0.0012118611 -0.01766049 -0.0061090486 0.0069089895 -0.015465991 -0.012001994 -0.010480301 0.02793511 -0.019856708 -0.014533043 0.0046794685 0.031508703 0.0045015346 0.00340906 0.0029396391 0.003645861 -0.0010576235 -0.0028580292 -0.0100942915 0.01284403 0.009222389 0.0024857912 0.0013470936 -0.031919964 -0.011564048
cedido 0.00629453 0.26202258 0.07571377 -0.0945926 -0.41304985 -0.015355545 -0.17695369 0.03445456 -0.1860801 0.025472013 -0.04455156 0.11267895 0.3340422 -0.08982688 -0.114782356 -0.07128691 0.3443219 -0.22319429 -0.12709978 0.14092343 -0.0039272797 0.091532566 -0.07024087 0.08489638 0.037295457 -0.028521629 -0.26294163 -0.05487101 -0.48475733 -0.1724721
credito 0.011384467 0.31666777 0.117408514 -0.08222985 -0.4843993 -0.016834313 -0.19971554 0.04581528 -0.22218238 0.009602971 -0.06019436 0.11770838 0.37892964 -0.099841475 -0.117454454 -0.07188486 0.35514894 -0.26666987 -0.1384288 0.13193043 -0.017415093 0.11612935 -0.094845645 0.1118037 0.033902463 -0.027640803 -0.27731922 -0.06811526 -0.54161847 -0.1864346
respuesta 0.00021575566 0.08172865 0.015276972 -0.022621905 -0.101453945 -0.01085785 -0.0311281 0.011214647 -0.039151948 -0.0013242984 -0.012721864 0.043968182 0.098537624 -0.028975165 -0.021115152 -0.011764568 0.09767094 -0.07376327 -0.032784116 0.037175003 -0.0135189695 0.013536721 -0.014138995 0.0074998033 0.0073724147 -0.0020335722 -0.06777343 -0.025857126 -0.115043 -0.03976063
endosado 0.010444945 0.25445843 0.10437909 -0.086638205 -0.4150628 0.00039105304 -0.18086475 0.027271094 -0.19518863 0.02639989 -0.049734876 0.10988739 0.32637203 -0.07600614 -0.09941426 -0.068174526 0.3041306 -0.24126452 -0.13824105 0.121872514 -0.011654448 0.115035 -0.070509575 0.100061335 0.029943315 -0.022635516 -0.22500513 -0.056971006 -0.44686586 -0.17191483
bbva -0.009184898 0.09998819 0.034662753 -0.027444074 -0.16183956 0.0045276317 -0.063281536 0.012701273 -0.06707249 -0.00389206 -0.0060746684 0.05598432 0.123337634 -0.03394622 -0.032828856 -0.025526378 0.14706305 -0.106074184 -0.059723698 0.06367302 0.009689104 0.057326745 -0.03479772 0.052389003 0.008558983 -0.009405417 -0.09243128 -0.037621457 -0.18731087 -0.07030963
bajo 0.014940123 0.14993735 0.06507821 -0.062294487 -0.24244694 0.007067149 -0.091068715 0.011447679 -0.116953835 0.023336712 -0.012000426 0.055871967 0.20477846 -0.06357869 -0.07754089 -0.03199978 0.17421266 -0.12770802 -0.087447315 0.07386142 -0.014553028 0.055832624 -0.052098114 0.04955447 0.01956925 -0.0059387186 -0.14630991 -0.04051034 -0.28109172 -0.106047064
llamada 0.011774123 0.034079757 0.02730875 -0.00045106304 -0.06980984 0.009984165 -0.01694378 0.017529327 -0.033461247 0.017020427 0.0044325693 0.0071094465 0.05183937 -0.027196916 -0.0051065404 -0.02874092 0.05447968 -0.029143445 -0.008580461 0.036029276 0.008081422 0.025219554 -0.030423716 0.026906382 -0.009536774 -0.015602656 -0.057876706 -0.023629632 -0.08993664 -0.020383252
coordinacion 0.008624359 0.047956347 0.008120745 -0.03281611 -0.07912074 0.011602999 -0.02177354 -0.0020048833 -0.030379139 0.00861693 -0.016749272 0.022333413 0.076318316 -0.025825322 -0.03478788 -0.01965622 0.05116821 -0.050285097 -0.01954631 0.0124384845 -0.016444799 0.031954102 -0.025452493 0.0069683697 0.022510272 -0.0015259855 -0.05493319 -0.012022222 -0.10195689 -0.042356547
estas 0.021572312 0.21895052 0.07764542 -0.060573343 -0.33689004 -0.015680388 -0.14148675 0.02558706 -0.14919075 0.0063819936 -0.01858354 0.07050452 0.25236526 -0.060811825 -0.06931805 -0.061874136 0.267391 -0.1735038 -0.09340502 0.091888696 -0.0062419153 0.09682632 -0.07602591 0.08454328 0.023741553 -0.02256022 -0.17404447 -0.051018942 -0.36705095 -0.12577522
encuentra 0.013828923 0.036579117 0.00920397 -0.01929131 -0.06926138 -0.0063601094 -0.037225887 -0.0032739888 -0.013422785 0.017466476 -0.016350104 0.029609468 0.043298636 -0.009421488 -0.026302725 -0.015356561 0.042343248 -0.045668323 -0.015007973 0.021787725 0.0054112654 0.010518456 -0.018547887 0.02389518 0.011227772 -0.0083030565 -0.040983684 0.0036617613 -0.075498484 -0.039790027
