95 30
beca 0.57696325 0.23929775 -0.1999668 0.22149995 0.5335106 -0.11743444 -0.4254459 -0.27910626 0.02340949 -0.5004282 -0.14261201 -0.49430558 -0.054964278 -0.7468543 0.14080691 -0.06330751 -0.07832771 -0.06623775 0.22591268 0.3647502 -0.3005495 -0.10287824 0.12790836 0.40017042 0.006138369 -0.41448802 0.15448202 0.14043202 0.016868908 0.09365343
solicitud 0.6193255 0.26154053 -0.22611181 0.24318089 0.5935736 -0.15271518 -0.45550892 -0.31988347 0.012378795 -0.56159675 -0.15553288 -0.5132766 -0.07923366 -0.804497 0.18711175 -0.076777056 -0.1057341 -0.0776897 0.27374834 0.39475772 -0.33079255 -0.09626755 0.15344441 0.41424027 0.007904843 -0.44526577 0.16366673 0.15277751 0.027520953 0.09609629
comite 0.61568075 0.2672617 -0.2329615 0.26062626 0.6082737 -0.14914598 -0.45590413 -0.30937544 0.01880906 -0.57082564 -0.1593141 -0.5394505 -0.08760491 -0.83576745 0.17246331 -0.07698592 -0.09975794 -0.06974025 0.2619355 0.40759066 -0.31881294 -0.10138629 0.16059966 0.41840154 -0.011451412 -0.44684744 0.13986616 0.14306994 0.036336187 0.10936293
educacion 0.5873471 0.25340325 -0.22968496 0.23054741 0.56848174 -0.13061303 -0.44898334 -0.29727334 0.004347611 -0.53559107 -0.13227235 -0.50935686 -0.057267867 -0.7832491 0.18060927 -0.06239323 -0.07794075 -0.045217402 0.23428975 0.39209476 -0.3097817 -0.114177376 0.1477547 0.39031112 -0.000539777 -0.41709843 0.1333156 0.11939414 0.028376428 0.115452446
hijo_a 0.58252436 0.25177282 -0.20845762 0.22375302 0.53347814 -0.11781561 -0.4239096 -0.30568087 0.018790724 -0.48248342 -0.12432972 -0.48419964 -0.08349417 -0.74864495 0.15633266 -0.077559136 -0.08445227 -0.05664189 0.23741479 0.37007913 -0.2983137 -0.087306894 0.1353025 0.3888085 -0.009499282 -0.406403 0.14846393 0.1277182 0.025937239 0.10921393
posgrado 0.49134374 0.20907904 -0.15879872 0.18560848 0.45686486 -0.101208225 -0.3496925 -0.22952466 0.024530658 -0.4158357 -0.12312704 -0.40310928 -0.040500537 -0.62923807 0.12405274 -0.046873912 -0.084386386 -0.051089644 0.2005646 0.2909615 -0.25432125 -0.06774142 0.11331476 0.33927938 -0.0073581557 -0.32899353 0.10619939 0.09683949 0.0051932717 0.08657066
trabajador 0.55670834 0.22686984 -0.20850657 0.23006874 0.51555103 -0.12133813 -0.3780102 -0.27773446 0.014297528 -0.4843699 -0.13137758 -0.4570371 -0.06619212 -0.6893761 0.13591802 -0.05796883 -0.077883065 -0.052835055 0.22717568 0.35264233 -0.28820282 -0.07623112 0.14489539 0.35999337 -0.014134478 -0.3967596 0.14562674 0.11195915 0.007992387 0.10794855
esposa 0.49759036 0.22676307 -0.17798063 0.18019333 0.4501714 -0.11586558 -0.3378521 -0.2336188 0.013887443 -0.40953302 -0.12770991 -0.40212062 -0.04634786 -0.6335566 0.11744289 -0.04368166 -0.071204215 -0.063473694 0.2042597 0.30638197 -0.23182842 -0.08308704 0.1287599 0.3411492 0.013952125 -0.35761908 0.10702882 0.09931594 0.018980734 0.08425897
casos 0.57300365 0.2532164 -0.18969077 0.22626801 0.5289952 -0.13064559 -0.4002943 -0.27969164 0.0019053128 -0.49723667 -0.115899324 -0.4749525 -0.07883756 -0.7117239 0.16358753 -0.06839238 -0.06801407 -0.07052732 0.24966629 0.34682462 -0.29237628 -0.10465972 0.1261732 0.37407467 -0.014085623 -0.40469113 0.13786563 0.109770276 0.036224548 0.11427317
padre 0.46419376 0.19239302 -0.17290191 0.18568553 0.4553031 -0.09348509 -0.34304324 -0.2371078 0.021450868 -0.41244194 -0.10639075 -0.40395716 -0.070740744 -0.6142088 0.14562292 -0.068044834 -0.0638474 -0.06271748 0.1976792 0.3071285 -0.2501133 -0.067716636 0.12818824 0.30950162 -0.002488969 -0.33310446 0.11775107 0.105405435 0.028025232 0.086590186
tratado 0.28958842 0.124961585 -0.1141816 0.12080615 0.2711191 -0.07751736 -0.21511956 -0.14664 0.00032465553 -0.2656329 -0.05328509 -0.26211458 -0.03345611 -0.37052745 0.06903567 -0.026621241 -0.049145468 -0.025715414 0.14081365 0.18530676 -0.13426805 -0.057891466 0.067711994 0.19855458 0.0062279087 -0.21280998 0.0542615 0.08082489 0.0012474359 0.05279882
postgrado 0.51451135 0.21496823 -0.16329388 0.21538757 0.4641713 -0.10898215 -0.35228133 -0.2654898 0.017048582 -0.44826028 -0.11638118 -0.43772092 -0.06742492 -0.6499951 0.15095286 -0.06827309 -0.07541358 -0.054009948 0.22151355 0.31165123 -0.23723449 -0.09304866 0.12612365 0.3485858 -0.00915166 -0.36889324 0.116769366 0.10432336 0.022332106 0.09549203
soportes 0.46295866 0.21792842 -0.16603726 0.18660596 0.45801756 -0.09360309 -0.32970333 -0.24943149 0.01638436 -0.41427433 -0.10272498 -0.4010284 -0.0599897 -0.5951389 0.11120158 -0.056267474 -0.071792886 -0.056002375 0.20075482 0.30116737 -0.2526494 -0.07181005 0.12356622 0.32283732 0.0039093443 -0.3192804 0.11627382 0.09680491 0.0145294955 0.09382504
anexan 0.4802307 0.19098045 -0.17870662 0.1891624 0.44074565 -0.09080548 -0.34125084 -0.2467101 0.00097118464 -0.41638452 -0.12162162 -0.38608554 -0.05324492 -0.620297 0.12719627 -0.04102023 -0.08202236 -0.06388048 0.19356374 0.28825274 -0.24974841 -0.07895392 0.12155638 0.3264939 0.0062758587 -0.33374852 0.119830504 0.09333663 0.0217619 0.070973106
maestria 0.54910517 0.2472772 -0.1779324 0.21556765 0.5206774 -0.11621439 -0.39759046 -0.2887123 0.00080652756 -0.46800372 -0.14267755 -0.44984055 -0.047195487 -0.6914095 0.15202346 -0.044201206 -0.0855152 -0.06981444 0.23557755 0.33365127 -0.2879063 -0.076227605 0.1325424 0.37877092 -0.0024376523 -0.39639264 0.14715457 0.11828417 0.031243406 0.09986102
revision 0.51928186 0.23773235 -0.18062761 0.18992466 0.49629578 -0.104698606 -0.36323696 -0.25680593 0.020368733 -0.43454334 -0.11975674 -0.44693488 -0.06690107 -0.6693015 0.14785388 -0.07516557 -0.09033775 -0.056698162 0.22890949 0.32596606 -0.24654153 -0.08394772 0.110944666 0.36139485 -0.005930534 -0.35210106 0.12081766 0.108632185 0.013417258 0.08583349
core 0.4289741 0.18150696 -0.17018943 0.19437264 0.4024203 -0.082639635 -0.3151491 -0.23135309 0.020670678 -0.3733049 -0.11010811 -0.38547647 -0.054152798 -0.5733872 0.10566844 -0.04611292 -0.06730766 -0.045399208 0.18420027 0.28690344 -0.23500596 -0.085221104 0.11514292 0.301823 -0.0018497676 -0.32598725 0.09624966 0.09957765 0.0024206957 0.06636175
especial 0.44819108 0.19591668 -0.16751629 0.19448799 0.42145374 -0.101540014 -0.3303119 -0.2214313 0.006356404 -0.38064572 -0.09525917 -0.37211418 -0.04409797 -0.59237856 0.14187823 -0.063878775 -0.07379572 -0.061102502 0.18720868 0.27578646 -0.21513689 -0.08778252 0.10154165 0.31353435 0.012335505 -0.33334705 0.11547869 0.10833133 0.008798194 0.073157765
correspondiente 0.5454206 0.22799323 -0.19650692 0.22713067 0.5111985 -0.10851541 -0.38248393 -0.28962028 -0.004342599 -0.48048535 -0.14291728 -0.45264143 -0.074354775 -0.71772224 0.14194001 -0.08050533 -0.06748429 -0.04380317 0.2232634 0.34050766 -0.27884996 -0.08110464 0.122551434 0.37862188 -0.010259765 -0.4090448 0.13505393 0.116878 0.029695822 0.11413444
escalo 0.52260816 0.23369785 -0.17496896 0.22403784 0.51782215 -0.11504531 -0.37186232 -0.2875421 -0.0020729988 -0.46362627 -0.11232157 -0.45513868 -0.04717406 -0.70825744 0.16333179 -0.07818236 -0.06244401 -0.037547752 0.22650686 0.34394407 -0.25354078 -0.091101155 0.13652737 0.37868905 0.014095568 -0.3679311 0.1359683 0.11447422 0.0039211377 0.07788183
subdirectiva 0.5274683 0.21815729 -0.17795083 0.20298243 0.5199233 -0.11560492 -0.37564284 -0.2696939 0.014021153 -0.49002168 -0.12224826 -0.46202484 -0.05465732 -0.7149067 0.16439252 -0.04721067 -0.06922304 -0.039439555 0.23248547 0.3569844 -0.26262423 -0.09132435 0.14072971 0.353527 0.012796004 -0.39850405 0.12314211 0.119132645 0.031913806 0.08118727
proximo 0.6325264 0.28900155 -0.22009426 0.25902173 0.59933245 -0.15462953 -0.45644534 -0.3415551 0.017118964 -0.5801065 -0.15185551 -0.5530808 -0.058961708 -0.8398926 0.1835076 -0.059956912 -0.09368079 -0.053415384 0.2732005 0.41162726 -0.32468525 -0.120746836 0.1598459 0.45083514 -0.0032147437 -0.45378464 0.14060289 0.14758888 0.033976268 0.12888157
masivo 0.3249214 0.1370402 -0.13404758 0.13012362 0.33024803 -0.056080434 -0.25821888 -0.15375102 0.014508834 -0.27898136 -0.069523275 -0.2942422 -0.040813714 -0.4222592 0.096138634 -0.04613367 -0.038428187 -0.021354686 0.14466652 0.2001508 -0.17612405 -0.062125865 0.07100328 0.23288867 0.014789743 -0.22480139 0.08303025 0.091194026 0.01612896 0.057868574
informacion 0.62096614 0.26693398 -0.20944084 0.24807608 0.58170646 -0.1322772 -0.431103 -0.3081497 0.0117727015 -0.54292345 -0.15224622 -0.52888507 -0.06603611 -0.805603 0.16486612 -0.077111945 -0.08043949 -0.055594638 0.24974543 0.3690122 -0.29400226 -0.10221441 0.1585463 0.4280489 -0.00043039944 -0.44188282 0.1498395 0.15252829 0.0035131015 0.113692
especializacion 0.48381698 0.21519375 -0.16502915 0.19117962 0.45930168 -0.10846208 -0.35496548 -0.2525619 0.008985522 -0.421709 -0.12263424 -0.43332243 -0.058257475 -0.6592916 0.12463566 -0.064961754 -0.065356545 -0.047402415 0.19676487 0.32201213 -0.25711033 -0.08539021 0.12829238 0.34529465 -0.013326689 -0.36322218 0.13442023 0.12654993 0.019954843 0.07989377
formato 0.49329403 0.22216217 -0.16334225 0.19234683 0.46782008 -0.11603399 -0.3759432 -0.2585695 0.017347002 -0.43334025 -0.118994676 -0.42700508 -0.057365537 -0.663296 0.14889562 -0.06280292 -0.0684334 -0.034951195 0.21188651 0.30615333 -0.25454012 -0.09719734 0.11708104 0.33820832 -0.0016371154 -0.37339008 0.107169665 0.12640384 0.030072954 0.092902094
estudios 0.78799164 0.33301815 -0.28550145 0.29950008 0.74026865 -0.16782613 -0.56157774 -0.40602487 0.00031658495 -0.6558337 -0.19441539 -0.67014694 -0.08505995 -0.98574555 0.21833679 -0.07196353 -0.11603785 -0.06745744 0.32437745 0.48704913 -0.38850182 -0.12963144 0.18822072 0.52898014 0.004838246 -0.53210187 0.17546557 0.1700246 0.04066152 0.13976051
documentacion 0.5786923 0.24419665 -0.20324716 0.23616858 0.5331473 -0.10745792 -0.4293615 -0.27803683 -0.003136875 -0.5118152 -0.12524754 -0.4920831 -0.07820917 -0.726417 0.14345759 -0.070999704 -0.09921145 -0.052338306 0.25664902 0.35165843 -0.27850273 -0.104108155 0.13326807 0.3817562 0.008994914 -0.40643218 0.1542355 0.12634306 0.025662456 0.08377915
atencion 0.6592278 0.26495707 -0.24641179 0.27089372 0.63098955 -0.15907376 -0.47543645 -0.3224985 0.009211399 -0.5723581 -0.16364433 -0.5500946 -0.061942156 -0.82785755 0.19456255 -0.068193085 -0.09816864 -0.055299222 0.26310867 0.42349622 -0.33740544 -0.09764989 0.15140647 0.42979267 -0.013229692 -0.46340021 0.14174998 0.15641643 0.037454214 0.10532631
fecha 0.6060519 0.2510439 -0.22984362 0.26654723 0.59687334 -0.13948931 -0.4540028 -0.302535 0.0069110966 -0.5518743 -0.12819077 -0.5373242 -0.07918432 -0.78395176 0.15503956 -0.07147107 -0.09588677 -0.069899514 0.2452479 0.38394195 -0.31873146 -0.08238907 0.13659859 0.43464133 0.0049395366 -0.43810958 0.16099422 0.14811353 0.023742666 0.09149855
convencional 0.658268 0.2718723 -0.22081803 0.2560655 0.60728693 -0.14724052 -0.45092863 -0.33979377 0.016387586 -0.5511894 -0.16631784 -0.555088 -0.08838531 -0.820076 0.1893601 -0.063424 -0.099319056 -0.0710928 0.2756012 0.3935699 -0.3240829 -0.10977324 0.14237511 0.42061442 0.017330585 -0.46319097 0.14585747 0.15371498 0.019298336 0.12645566
semestre 0.72626275 0.3042432 -0.26006138 0.2728889 0.65954894 -0.14515644 -0.51819146 -0.34768683 0.002941131 -0.6347566 -0.15147862 -0.62008554 -0.077709034 -0.9329574 0.21235076 -0.08756823 -0.089216195 -0.07080466 0.29228976 0.45116776 -0.36340505 -0.10650382 0.15942761 0.48952252 0.005856783 -0.5005106 0.18471721 0.14600931 0.009516151 0.12566617
regular 0.556643 0.25413617 -0.18898946 0.23381892 0.5197864 -0.121098585 -0.4114173 -0.28326848 -0.00071571517 -0.51327956 -0.13151522 -0.47331858 -0.06759038 -0.7530574 0.16183695 -0.051361572 -0.07648545 -0.051910616 0.22954598 0.3724712 -0.28335452 -0.1066612 0.13620509 0.38734838 0.014793125 -0.40129972 0.15067898 0.112914845 0.019559551 0.08905157
esposas 0.2710751 0.10363185 -0.09457577 0.10399186 0.25647086 -0.059816312 -0.18415956 -0.13385005 0.017684836 -0.23509401 -0.073393494 -0.2362793 -0.027319156 -0.36250755 0.080214955 -0.031804312 -0.024924785 -0.016997406 0.10064344 0.17400403 -0.13587652 -0.039914027 0.059443 0.1841675 -0.0029851084 -0.20941857 0.06232994 0.04956409 -0.0013551327 0.062352538
solicito 0.611065 0.26258314 -0.19870003 0.2381062 0.575208 -0.13702136 -0.4204123 -0.29586768 0.012563949 -0.5266703 -0.14387417 -0.50322485 -0.06866604 -0.78298974 0.15787484 -0.078073055 -0.09018052 -0.06145628 0.24845771 0.39458054 -0.2884457 -0.108063124 0.15398803 0.4180395 -0.010666647 -0.42914122 0.15564086 0.1466904 0.004524403 0.09663998
comisionado 0.4931887 0.21877563 -0.20006813 0.19713768 0.47824457 -0.115953855 -0.38086134 -0.26358804 0.01814983 -0.45414034 -0.10836399 -0.431061 -0.076202825 -0.6601261 0.15477398 -0.048060138 -0.089373745 -0.038150065 0.21587472 0.33191025 -0.24270645 -0.091876954 0.1314087 0.33558777 -0.012077013 -0.37450972 0.121612504 0.12901817 0.0099155605 0.0757687
cuenta 0.63179374 0.2800295 -0.21773705 0.25801995 0.60614145 -0.11947131 -0.45021814 -0.33155727 0.012298421 -0.54004145 -0.14777587 -0.5438806 -0.063632585 -0.81398094 0.15975015 -0.073016115 -0.103223585 -0.069726594 0.2759961 0.40024295 -0.31401625 -0.10598459 0.13850655 0.4362433 -0.0048791934 -0.43001944 0.13638867 0.14541242 0.026551545 0.11175529
presente 0.59950984 0.2543197 -0.22352567 0.25999695 0.5707218 -0.14262916 -0.4541486 -0.2973362 -0.004687881 -0.52355057 -0.15253696 -0.515282 -0.061323423 -0.7763771 0.15882027 -0.055821154 -0.09283997 -0.043517727 0.24178176 0.3704002 -0.30269763 -0.112748116 0.13949165 0.40501451 0.017216235 -0.4452449 0.14140713 0.13675113 0.034888174 0.103441186
traslado 0.3867325 0.18790102 -0.12789111 0.17826957 0.37772533 -0.10442997 -0.28690043 -0.18749145 -0.0024573265 -0.35399574 -0.08473717 -0.33606791 -0.032051563 -0.5211704 0.12449466 -0.062407836 -0.04314571 -0.055250045 0.17991807 0.2402102 -0.2106864 -0.07639547 0.10054504 0.25986746 0.01223193 -0.30105606 0.086332716 0.09105912 0.02170595 0.08271734
respuesta 0.6202381 0.26495537 -0.22255754 0.26215932 0.57842696 -0.1276019 -0.4532355 -0.29697964 0.019888345 -0.5274164 -0.13261037 -0.50779605 -0.07186703 -0.799842 0.15540841 -0.068495125 -0.0729728 -0.07303964 0.26820916 0.37598655 -0.3199057 -0.08921093 0.16098107 0.40872276 0.0037418222 -0.42773658 0.13861008 0.12447339 0.0063215876 0.10071944
hasta 0.7609678 0.32548407 -0.26399451 0.31636432 0.7189704 -0.17989351 -0.5754728 -0.38695174 0.0039945375 -0.6669758 -0.16859142 -0.66517645 -0.09841163 -1.0234764 0.21104015 -0.08454381 -0.11494777 -0.08866953 0.33443943 0.50278556 -0.39340842 -0.13654621 0.20142458 0.5337373 0.019114964 -0.56215996 0.20016016 0.19172302 0.009984777 0.13555273
pregrado 0.42635795 0.20162952 -0.16862029 0.19070213 0.40308434 -0.08843669 -0.29895446 -0.22635315 0.0059678783 -0.3925598 -0.10541697 -0.366783 -0.05225378 -0.5763892 0.10609582 -0.046428513 -0.06871782 -0.057389136 0.19295642 0.2786856 -0.22495054 -0.063097164 0.11175644 0.28672546 0.0076871696 -0.3062282 0.0951201 0.086463526 0.02942107 0.06649665
beneficio 0.53009075 0.24048533 -0.20467246 0.23592743 0.5219389 -0.10517265 -0.3996583 -0.26709646 -0.00068023335 -0.4884277 -0.12209282 -0.4625927 -0.0581342 -0.71707284 0.14836329 -0.050758574 -0.07188476 -0.057452507 0.23138697 0.35482407 -0.2853701 -0.08776951 0.12860167 0.36598906 -0.013895865 -0.39328876 0.14780903 0.1235689 0.0049247034 0.0990928
encale_tipologia 0.34957367 0.14741464 -0.11338735 0.14275025 0.35231155 -0.08687238 -0.2423313 -0.19616452 0.017551636 -0.31652126 -0.09677088 -0.2999465 -0.029114842 -0.46090412 0.11419158 -0.05503817 -0.05950627 -0.036325347 0.15373126 0.22602254 -0.17015554 -0.06893264 0.0862457 0.25159645 0.0013841166 -0.2544807 0.076046266 0.08952063 0.0062296824 0.07680845
tener 0.5395208 0.2396321 -0.20140873 0.22252558 0.49981946 -0.11273932 -0.39818105 -0.26102173 0.008931915 -0.47873205 -0.1391931 -0.46078533 -0.06887153 -0.678808 0.16250098 -0.057826497 -0.07587344 -0.055033106 0.2358883 0.34183544 -0.28733495 -0.101822264 0.12846753 0.34834653 -0.0074407556 -0.38616922 0.13569306 0.10541635 0.007612571 0.08763022
produccion 0.4901201 0.2284122 -0.16150396 0.19946988 0.45890772 -0.10978765 -0.34549522 -0.24950893 -0.006763173 -0.4339499 -0.12289653 -0.41666338 -0.050110746 -0.65944475 0.142299 -0.052014768 -0.07661825 -0.05242756 0.21864857 0.31967744 -0.26661593 -0.07106127 0.11810054 0.35237855 0.009044535 -0.35857427 0.13691057 0.12387106 0.007163989 0.09257029
dias 0.68984365 0.30506635 -0.22991078 0.28117925 0.6551451 -0.13635634 -0.48445424 -0.3678358 0.024464855 -0.6083302 -0.17104276 -0.59366435 -0.0836506 -0.89527273 0.1778898 -0.0934716 -0.0838991 -0.0725424 0.28455636 0.4508522 -0.33427796 -0.12844528 0.17496039 0.45087367 0.016008632 -0.48853728 0.1619759 0.17429034 0.009038158 0.12685224
envio 0.6342958 0.27692774 -0.20520662 0.24015611 0.6008478 -0.15086581 -0.45185298 -0.32133004 0.017049404 -0.54629076 -0.141732 -0.51641154 -0.07407645 -0.7958744 0.18494141 -0.086235665 -0.10354619 -0.06816219 0.26148382 0.38458982 -0.31240532 -0.10526298 0.15222643 0.4281026 0.0076575545 -0.44956556 0.1382988 0.13673902 0.031126639 0.121229835
desde 0.6762317 0.30822402 -0.24439114 0.26680627 0.6528548 -0.15302405 -0.4966982 -0.35420358 0.014895111 -0.5858923 -0.15020968 -0.5915387 -0.086034715 -0.8632627 0.18662123 -0.09021083 -0.108497664 -0.0703334 0.28138658 0.43303442 -0.32588908 -0.1132038 0.17465055 0.44307938 -0.0094730295 -0.4901847 0.14773186 0.1611047 0.017893417 0.12273042
hijo 0.27383888 0.118457 -0.0858455 0.10045814 0.24064091 -0.052599657 -0.18558079 -0.11712046 -0.002752094 -0.22248429 -0.065414414 -0.21491282 -0.02652284 -0.33036453 0.06276882 -0.026067648 -0.03038787 -0.022404194 0.0953127 0.16045102 -0.12332772 -0.029037999 0.061497886 0.16880727 -0.0044643125 -0.19316506 0.051031522 0.07446048 0.004532703 0.037110176
atentamente 0.4910626 0.23103026 -0.18681441 0.18916394 0.45748606 -0.094253674 -0.37202242 -0.26730695 0.00970331 -0.42196888 -0.111313716 -0.4247671 -0.06338536 -0.63507825 0.14875056 -0.06478855 -0.077857964 -0.04566937 0.20390415 0.31117734 -0.25424698 -0.090509325 0.11880705 0.33469003 0.010515286 -0.3683071 0.10837854 0.12353367 0.03299599 0.08910742
saber 0.40749103 0.18542747 -0.1599595 0.15951905 0.38254198 -0.08485067 -0.29956207 -0.21712591 -0.009059507 -0.35098082 -0.10263574 -0.35991016 -0.0582987 -0.53547364 0.105852164 -0.031247243 -0.06958421 -0.025464877 0.1886253 0.2535151 -0.2127256 -0.060745213 0.11083877 0.26727432 -0.005091106 -0.2953972 0.10602111 0.10133093 0.01629145 0.07790795
ingenieria 0.5180672 0.2331439 -0.17485034 0.20236208 0.47277948 -0.107813634 -0.3800163 -0.26024556 0.02133586 -0.44710058 -0.10545285 -0.42135647 -0.05735158 -0.6637121 0.12280285 -0.050879385 -0.062119 -0.05435321 0.2032958 0.30937234 -0.2627371 -0.069964305 0.13874573 0.35793415 0.010242428 -0.37581918 0.13264206 0.10167202 0.009015648 0.085211694
cuando 0.7197193 0.3109044 -0.24536629 0.28735155 0.6516104 -0.13634615 -0.5140724 -0.35762522 -0.006501182 -0.59833586 -0.17819317 -0.6132484 -0.066271804 -0.89588785 0.20089623 -0.06402288 -0.098779194 -0.060716365 0.31278357 0.45363125 -0.36980012 -0.11429641 0.17571716 0.4750066 0.0007184515 -0.4904297 0.17578731 0.16248235 0.035896853 0.13040578
hay 0.62396616 0.2850941 -0.23244643 0.25767356 0.6111568 -0.13732988 -0.47604853 -0.3288522 0.020942925 -0.558417 -0.15749928 -0.5565588 -0.09084035 -0.8234135 0.16952136 -0.08581508 -0.09231961 -0.052459676 0.2809305 0.42168605 -0.31502607 -0.09876209 0.15190871 0.44860223 -0.0063454835 -0.43659177 0.14093797 0.1601339 0.0275706 0.100324385
hacer 0.5483721 0.23131046 -0.19925272 0.23416218 0.51988256 -0.11251823 -0.40716907 -0.28777444 0.017642682 -0.4766194 -0.13194162 -0.4745036 -0.0686847 -0.696676 0.13431817 -0.07513485 -0.06889448 -0.071213216 0.2268016 0.33720732 -0.277452 -0.08213732 0.13900189 0.37800637 0.012532815 -0.37725678 0.12654397 0.10707794 0.01386434 0.08102782
agradeciendo 0.35064906 0.17118718 -0.14107865 0.15057324 0.3285788 -0.07254191 -0.25874406 -0.19945507 0.007409334 -0.31943217 -0.08920774 -0.31917214 -0.048560794 -0.47795004 0.10745955 -0.030441996 -0.055673346 -0.041404326 0.16646867 0.22528592 -0.18675046 -0.050689302 0.08967225 0.24026306 -0.001583167 -0.2739856 0.08157883 0.07069524 0.013228614 0.060136165
estudio 0.62761116 0.2661933 -0.23238076 0.26517874 0.5865679 -0.13880745 -0.4603262 -0.30664277 -0.006513106 -0.55391234 -0.1382985 -0.55146617 -0.08257435 -0.8119252 0.16097113 -0.07278798 -0.08391951 -0.049081113 0.278625 0.4085426 -0.3189379 -0.09449465 0.14030714 0.43478802 0.005059325 -0.43301588 0.16308296 0.12983099 0.02859045 0.11866379
manera 0.61133975 0.26082906 -0.21470389 0.26197386 0.5757939 -0.14494692 -0.43724108 -0.30711704 -0.004046705 -0.52296096 -0.14821842 -0.5065432 -0.088436276 -0.7878926 0.17591277 -0.073256314 -0.090376236 -0.067451455 0.26418155 0.38479725 -0.32022372 -0.08594386 0.13298716 0.41526422 0.000109452376 -0.44569436 0.15337329 0.1369689 0.0036621615 0.100443386
empresa 0.603692 0.2742988 -0.21424367 0.25210828 0.57988477 -0.12013364 -0.44698444 -0.32232866 0.0029235668 -0.5381978 -0.14694646 -0.5276192 -0.07780341 -0.7992262 0.1692896 -0.054247532 -0.07411336 -0.05857946 0.24782678 0.39511552 -0.3178669 -0.087005 0.16226429 0.41311306 0.008083163 -0.4394762 0.13920663 0.12845542 0.0037701363 0.11250113
programa 0.6141546 0.28266346 -0.2229841 0.24312036 0.5892879 -0.14907177 -0.457738 -0.31813937 0.025985725 -0.5528155 -0.1299044 -0.50992656 -0.06885425 -0.8146763 0.15857753 -0.083475016 -0.08741323 -0.06350384 0.24852693 0.40058324 -0.30207935 -0.096040204 0.16321978 0.43018472 0.013617337 -0.42312378 0.13283317 0.14008775 0.025040254 0.09222787
orito 0.30636573 0.13591059 -0.10041585 0.13217299 0.28328526 -0.07597172 -0.2140019 -0.1567768 -0.0005035505 -0.28415617 -0.06152411 -0.24680495 -0.02754616 -0.39669806 0.08094557 -0.03875262 -0.035762362 -0.02903463 0.13966276 0.18617876 -0.13933957 -0.058335844 0.066562116 0.19980077 -0.0051404773 -0.22171308 0.08703392 0.07750022 0.010671686 0.06599169
mes 0.6304781 0.27357027 -0.2399855 0.24109264 0.60611653 -0.12355794 -0.4662845 -0.31017128 0.020370081 -0.5605538 -0.1589122 -0.5337745 -0.091649026 -0.8379001 0.18834923 -0.06260964 -0.09924056 -0.05441747 0.262769 0.3881404 -0.31905326 -0.09835663 0.14297488 0.42662585 0.013217141 -0.44227767 0.13689439 0.14418064 0.010348163 0.104400285
teletrabajo 0.47279432 0.21801032 -0.1754472 0.1948677 0.46010876 -0.10693878 -0.34983596 -0.25131795 0.0035773728 -0.41300938 -0.11388721 -0.40848693 -0.052941177 -0.6332995 0.12534927 -0.06299042 -0.061777234 -0.0529443 0.19224371 0.29869673 -0.2272506 -0.06698465 0.10699673 0.33558622 0.012731656 -0.35475072 0.12394946 0.104367554 0.0035772535 0.08424035
inscripcion 0.4730537 0.18960264 -0.16505781 0.1984108 0.44949293 -0.108829215 -0.33277792 -0.24137062 -0.00507321 -0.41368255 -0.118893385 -0.3862011 -0.054562815 -0.5903002 0.111529626 -0.048551574 -0.07447273 -0.02956476 0.19136085 0.28803095 -0.2444676 -0.07023756 0.110899374 0.29409063 0.011590049 -0.3379601 0.09372689 0.1153043 0.010085416 0.064983
beneficiario 0.57777613 0.2694698 -0.21254906 0.23998824 0.5477782 -0.14320943 -0.41002452 -0.3115107 0.017836323 -0.52209115 -0.15095188 -0.496081 -0.07126791 -0.7459176 0.17233552 -0.08320659 -0.092496 -0.044848412 0.25559708 0.36075833 -0.28517783 -0.08805724 0.12394871 0.40170592 0.0036257957 -0.40412822 0.15656443 0.1404294 0.036501896 0.11808543
nuevamente 0.5178795 0.22834535 -0.18639001 0.22085914 0.4954003 -0.12230763 -0.3653395 -0.2604598 0.0032250953 -0.44318384 -0.10887016 -0.45156717 -0.06009992 -0.678543 0.15011013 -0.07521856 -0.059149235 -0.04050513 0.22772002 0.33178565 -0.26456156 -0.07943592 0.13103826 0.3381703 0.00018138424 -0.38525033 0.14092872 0.12141101 0.03144679 0.1055239
adjuntamos 0.46402755 0.19902797 -0.17449713 0.17873251 0.4220936 -0.09097328 -0.33168608 -0.21782139 0.004457878 -0.3976062 -0.111280836 -0.38682154 -0.050076198 -0.59901935 0.12129903 -0.0398472 -0.056137115 -0.050952237 0.19813377 0.27904168 -0.24409024 -0.06273672 0.11090382 0.31905636 -0.0065860692 -0.32914168 0.09612616 0.08847992 0.011790821 0.07228145
anterior 0.65202594 0.27470872 -0.21878424 0.25665194 0.6200219 -0.14656942 -0.47268614 -0.33603317 0.015455503 -0.5424983 -0.1412349 -0.54580444 -0.090402685 -0.8306014 0.18260355 -0.061418135 -0.10953809 -0.05956701 0.27959877 0.4214463 -0.3239873 -0.08774834 0.14584927 0.42795962 0.00855452 -0.45635328 0.1616219 0.1402952 0.028814798 0.098799005
muy 0.57161266 0.23834176 -0.19098005 0.22609551 0.5544627 -0.122984216 -0.4137567 -0.3089171 -0.005460973 -0.4919483 -0.14624259 -0.4791752 -0.07224891 -0.75685376 0.14341593 -0.052904796 -0.09981366 -0.06434452 0.2511677 0.3657028 -0.27848443 -0.09219589 0.14160539 0.3991556 -0.00480053 -0.40931368 0.14656074 0.13455038 0.008619556 0.085293464
mis 0.7738595 0.3243777 -0.27410638 0.3131505 0.71908396 -0.17430049 -0.5436508 -0.39068165 0.019033497 -0.6644267 -0.19100587 -0.6527083 -0.09241759 -0.9647184 0.2213682 -0.08373844 -0.10849628 -0.070217885 0.30491698 0.49520984 -0.39811763 -0.1293515 0.17410196 0.49802864 -0.014461381 -0.5367806 0.18372525 0.16126503 0.011845965 0.13786077
gerencia 0.45923072 0.19236477 -0.17109789 0.18663834 0.4217103 -0.1090323 -0.32950276 -0.22657925 0.011229232 -0.4073937 -0.11462617 -0.39429772 -0.040934455 -0.6127433 0.116714515 -0.044338513 -0.07372834 -0.038799133 0.17676418 0.2994062 -0.22169027 -0.05863522 0.12268195 0.3262088 0.01583378 -0.31087956 0.098012574 0.104937464 0.0070976806 0.07052609
pdf 0.49081704 0.21079579 -0.1905543 0.1946334 0.47986352 -0.10667532 -0.37420964 -0.25665933 0.020556236 -0.44203532 -0.122923136 -0.41394287 -0.051015947 -0.63466704 0.14438152 -0.06144305 -0.07271067 -0.043045882 0.19431148 0.32883644 -0.2360023 -0.07663608 0.10253331 0.33807606 -0.0117647275 -0.34634683 0.117983006 0.10680883 0.031872794 0.103938885
ustedes 0.6157522 0.27866536 -0.22594544 0.23843163 0.593449 -0.13492411 -0.45616388 -0.319733 0.008143519 -0.5498844 -0.13541357 -0.52183884 -0.084054425 -0.8174368 0.17306711 -0.056523323 -0.105352275 -0.0537364 0.27567098 0.39537764 -0.32250974 -0.09108315 0.13679506 0.4276244 0.0013936961 -0.44144365 0.14438777 0.14843185 0.021453207 0.1076668
muchas 0.48397252 0.19495954 -0.18280005 0.20456943 0.45786178 -0.08772349 -0.35554552 -0.2389189 0.0057685003 -0.41593415 -0.09523931 -0.3870783 -0.048009526 -0.6080537 0.1242477 -0.062390063 -0.06270112 -0.036572475 0.18440688 0.2878825 -0.22647005 -0.06821621 0.09830584 0.33865795 0.017399091 -0.35070148 0.12169179 0.121268466 0.00045573007 0.068891555
propio_consolidacion 0.48412192 0.21157546 -0.17907366 0.19926676 0.4433417 -0.09087485 -0.351753 -0.2495682 0.0034839856 -0.4400452 -0.1265652 -0.41344526 -0.057978228 -0.619203 0.15092784 -0.061824653 -0.059832275 -0.038806584 0.19706495 0.303083 -0.25976944 -0.06486824 0.10142538 0.3336593 0.005868459 -0.3610706 0.10792304 0.098011866 0.03070481 0.07621197
pago 0.6235569 0.28784835 -0.22330114 0.26740003 0.5945701 -0.120446965 -0.44872037 -0.3251321 0.013229461 -0.52920806 -0.16056173 -0.51921785 -0.081472784 -0.80092376 0.17625882 -0.06945099 -0.08967923 -0.057488415 0.24638656 0.3901148 -0.3057034 -0.10436709 0.13558805 0.43356752 0.016787235 -0.43830317 0.1587144 0.14180788 0.0061500524 0.09986283
encuentra 0.56145144 0.2468271 -0.21627775 0.23840573 0.533351 -0.113063745 -0.41828018 -0.27321538 -0.0069455495 -0.47464094 -0.1280386 -0.48249543 -0.058464304 -0.7275896 0.16381225 -0.07258201 -0.0954078 -0.055020303 0.24635886 0.3554743 -0.29968727 -0.085367076 0.14691557 0.3674735 -0.009759167 -0.38694566 0.14147927 0.11675087 0.028896088 0.11414492
realizarse 0.41876566 0.19881286 -0.1547187 0.17421469 0.41008 -0.103031844 -0.31359255 -0.22375523 -0.001609194 -0.36242393 -0.10796825 -0.3614255 -0.055716913 -0.57424444 0.115275525 -0.03323086 -0.060214818 -0.051255204 0.1722356 0.27798054 -0.21420516 -0.06394128 0.09914631 0.30090377 -0.011259418 -0.29519105 0.108461134 0.08575479 0.028460287 0.08522267
anos 0.72237635 0.29703152 -0.2646659 0.29093033 0.66365665 -0.16961847 -0.5071708 -0.3647976 -0.0054451125 -0.61442566 -0.1762233 -0.61275613 -0.09159609 -0.9101636 0.18950745 -0.07800359 -0.104242146 -0.083138295 0.29809433 0.453546 -0.36800528 -0.11273112 0.17949624 0.47288504 -0.0038527339 -0.50348926 0.15516512 0.14041194 0.030224532 0.10756053
semestres 0.7216548 0.31271324 -0.26172838 0.27995205 0.6641928 -0.15213408 -0.5008417 -0.37425303 -0.00041951513 -0.6347056 -0.16014805 -0.60015225 -0.0694018 -0.92059976 0.18661553 -0.09330884 -0.09437341 -0.07902796 0.3150542 0.46452966 -0.36285388 -0.1008442 0.16648774 0.46610197 0.00066544814 -0.5142254 0.17904261 0.14172533 0.03363585 0.12103597
barrancabermeja 0.582345 0.2450689 -0.20869829 0.24565417 0.5221336 -0.11482113 -0.4069165 -0.28093043 0.018924484 -0.5036974 -0.14340384 -0.47606662 -0.07277683 -0.75266564 0.14168589 -0.05137835 -0.06999473 -0.050966352 0.25526607 0.36742762 -0.30148965 -0.082681276 0.13321316 0.3826255 0.002985464 -0.40868264 0.14701048 0.115236975 0.005440158 0.099628456
reconocimiento 0.55230075 0.23547456 -0.18668206 0.2216554 0.5144921 -0.117183104 -0.40168113 -0.27490887 -0.0045471103 -0.47219837 -0.1361262 -0.46135655 -0.058311008 -0.7215959 0.14488906 -0.06264702 -0.091944166 -0.04128551 0.24187255 0.33378068 -0.29485574 -0.08995504 0.122152105 0.38698265 0.015889127 -0.40615627 0.13890043 0.11047471 0.007893045 0.08957566
mismo 0.6000839 0.23781347 -0.21128492 0.25369808 0.5552332 -0.11523631 -0.41879526 -0.28696933 -0.0031949813 -0.49816436 -0.14635795 -0.51219034 -0.07713923 -0.76961404 0.14480612 -0.07615225 -0.09565885 -0.044317976 0.25091267 0.36560503 -0.29752916 -0.07861012 0.14303184 0.4001208 0.0160869 -0.41048327 0.13069668 0.12614594 0.004841664 0.10762239
estoy 0.52593213 0.24141803 -0.17049447 0.21568774 0.47559142 -0.124145776 -0.35986376 -0.2665527 0.008595781 -0.45969164 -0.1292525 -0.42812875 -0.058909215 -0.6608863 0.15056087 -0.05476028 -0.06773473 -0.064231284 0.20739357 0.32585597 -0.24781397 -0.09533457 0.11693074 0.3437566 -0.008310771 -0.36617735 0.11071458 0.11175312 0.03095799 0.10290182
momento 0.5259038 0.227996 -0.20224437 0.20370248 0.50138915 -0.121297866 -0.38026035 -0.25818467 0.015541425 -0.4556739 -0.11190603 -0.46455494 -0.06803127 -0.6868301 0.14591528 -0.06771655 -0.08416541 -0.06062432 0.22001283 0.3279523 -0.2687899 -0.084083624 0.13379313 0.3675284 0.01699772 -0.39268565 0.121724136 0.11844957 0.0013098457 0.0807845
bucaramanga 0.54444754 0.24686904 -0.2054957 0.23429552 0.5116574 -0.11519063 -0.37614566 -0.26429707 0.0061804075 -0.48228353 -0.13783227 -0.46914926 -0.049396265 -0.6967133 0.15087502 -0.0670894 -0.07680806 -0.058034867 0.22467056 0.35449517 -0.26597843 -0.08116774 0.11666847 0.36282212 0.008074113 -0.37669846 0.117017314 0.10677656 0.020006137 0.10135771
comedidamente 0.5718968 0.2585973 -0.20018892 0.21627708 0.54454917 -0.124289915 -0.4172233 -0.2971044 0.005398389 -0.49849567 -0.12253614 -0.4826141 -0.061417654 -0.73608726 0.162855 -0.062422484 -0.07005453 -0.0566424 0.22276106 0.36555028 -0.27950627 -0.07486805 0.12876537 0.37719175 0.012815068 -0.3855183 0.15193741 0.111579046 0.0060839197 0.110938884
salud 0.48532528 0.2146339 -0.1616908 0.19732307 0.46303988 -0.095707804 -0.36095652 -0.25480643 0.00954636 -0.40087515 -0.12849896 -0.4067146 -0.0627853 -0.6342132 0.14305684 -0.04796107 -0.07157664 -0.051791534 0.19457406 0.30087897 -0.23375793 -0.08115033 0.102099694 0.3355536 0.013391616 -0.34351808 0.10501511 0.09771528 -0.00082346896 0.09075296
segun 0.5265113 0.22646387 -0.17341784 0.21386784 0.5174319 -0.10427075 -0.38539955 -0.2535163 0.016553624 -0.47883266 -0.12639911 -0.4579045 -0.07834085 -0.70242196 0.14773983 -0.05669613 -0.093997754 -0.05964362 0.22494708 0.3284011 -0.274889 -0.071644105 0.11904061 0.36584044 -0.0014865594 -0.38879582 0.116284974 0.1371496 0.006032636 0.10036868
plazo 0.61380553 0.2775803 -0.2059076 0.2491158 0.5871614 -0.13464864 -0.4480777 -0.32240516 0.0073822974 -0.53460944 -0.13777757 -0.5408483 -0.06989753 -0.8223124 0.18704812 -0.06809967 -0.08095824 -0.061937913 0.25270465 0.3997849 -0.32078165 -0.08534268 0.13986745 0.42171222 0.01307866 -0.43400258 0.13896024 0.15748568 0.030142896 0.10872915
meta 0.39508966 0.16714539 -0.1266903 0.17720929 0.3810343 -0.0815956 -0.29471806 -0.21800563 -0.003967897 -0.33646104 -0.095362194 -0.32649973 -0.043636233 -0.52424717 0.1237524 -0.047247645 -0.065079294 -0.025829097 0.15238184 0.2434261 -0.20249721 -0.061638646 0.096492864 0.2542622 0.00044231158 -0.28361973 0.10174521 0.088711694 0.025725894 0.06834275
pido 0.43188682 0.17820509 -0.14570062 0.17507768 0.4065528 -0.081052005 -0.3100937 -0.20139922 -0.0068573384 -0.3751287 -0.086878836 -0.38006034 -0.051465888 -0.53861284 0.10797222 -0.06523689 -0.06965373 -0.035704654 0.1963021 0.25535953 -0.20453505 -0.077576496 0.0995095 0.30136567 -0.006475265 -0.29072154 0.10096661 0.10790936 -0.0017299856 0.072724134
limite 0.51853037 0.22077374 -0.18482874 0.21923701 0.4913545 -0.12288427 -0.37261096 -0.24296507 -0.006931699 -0.43857175 -0.10996264 -0.44559634 -0.04869689 -0.64608943 0.12805508 -0.07433585 -0.0655169 -0.03684568 0.22457737 0.3377799 -0.25947225 -0.091846816 0.110201 0.34709385 -0.012939951 -0.37498355 0.13238041 0.1122453 0.022865275 0.08590077
error 0.46423924 0.1971263 -0.15888686 0.1687227 0.43351424 -0.11377803 -0.32174617 -0.21704388 0.0048641046 -0.3934938 -0.09448047 -0.39283517 -0.043784935 -0.5980421 0.12441636 -0.043416504 -0.07271161 -0.04804804 0.19809353 0.2749329 -0.24528095 -0.07535795 0.097421885 0.32227883 0.010152354 -0.32369316 0.119287215 0.11187973 0.013479286 0.08908867
