50 30
factura -0.5031655 0.042275283 -0.5955196 -0.11558322 0.11539759 0.15872067 0.23567514 0.20823371 -0.2505616 -0.039180752 0.6314619 0.28728622 0.023277871 0.29903302 0.22304904 0.095108256 -0.012528684 -0.21024555 -0.13268222 -0.094414435 -0.19568186 -0.04001596 0.32881054 0.106964074 0.71167594 -0.15844287 -0.39079118 -0.25484505 -0.38531417 0.3307694
retenciones -0.41075334 0.026005674 -0.47742563 -0.1008751 0.0974236 0.12585728 0.18143176 0.16161825 -0.20232025 -0.039627776 0.49870232 0.22208625 0.038620245 0.25460288 0.15688549 0.07133883 -0.021610003 -0.16267462 -0.111268304 -0.07819047 -0.16549033 -0.016234336 0.2686891 0.090425 0.58399 -0.12193736 -0.3174574 -0.18640016 -0.28213626 0.27125302
solicitud -0.3763981 0.0053698905 -0.45738178 -0.097329296 0.10274981 0.12669162 0.20571972 0.1597506 -0.1938549 -0.009333161 0.49474362 0.20209387 0.021462744 0.2511611 0.16610949 0.08384422 -0.0169226 -0.17550966 -0.119425684 -0.05489397 -0.14111474 -0.027204994 0.2593301 0.072523244 0.5702476 -0.10701583 -0.294195 -0.17863666 -0.28226858 0.24387251
aplicadas -0.37259614 0.019213043 -0.45483312 -0.08651626 0.08452651 0.107444435 0.20176196 0.1741073 -0.17587987 -0.028545408 0.47510636 0.21276361 0.033898912 0.25319773 0.14874832 0.09182029 -0.014580931 -0.1461181 -0.09148129 -0.05659068 -0.1494521 -0.03153185 0.2653219 0.08125228 0.53570217 -0.11600356 -0.29099616 -0.19977868 -0.29493943 0.2591767
informacion -0.3243135 0.02023633 -0.36029813 -0.07291238 0.0897745 0.08090956 0.17109735 0.13080902 -0.16843186 -0.01663279 0.40318903 0.16133381 0.0290038 0.20780474 0.1381231 0.05662834 -0.0038517723 -0.12148271 -0.07753416 -0.03960729 -0.12416252 -0.027956124 0.226761 0.06602416 0.45443028 -0.10549165 -0.24516493 -0.17080998 -0.23765948 0.20535144
retencion -0.35756573 0.031608496 -0.4022727 -0.08524407 0.07196283 0.08925486 0.15803668 0.15836035 -0.17432415 -0.011741877 0.43954405 0.1981914 0.019856595 0.2236541 0.13095812 0.064342275 -0.024543589 -0.13500507 -0.103787325 -0.06966057 -0.121508434 -0.03402241 0.22874302 0.07561141 0.4794639 -0.09196115 -0.24830909 -0.18160786 -0.267889 0.23581861
ica -0.42875877 0.0135563165 -0.5062502 -0.105858214 0.10072701 0.11791567 0.22194405 0.20248778 -0.21534424 -0.023716703 0.5471304 0.23884891 0.02181411 0.28325343 0.18181847 0.087245725 -0.023555933 -0.19484213 -0.13142575 -0.059782263 -0.1552776 -0.012567044 0.2997672 0.10839969 0.63117254 -0.1211464 -0.35389468 -0.20691568 -0.3107344 0.30011612
pago -0.38483718 0.023851836 -0.42396662 -0.09067004 0.093819536 0.11647366 0.18458664 0.16148372 -0.18840685 -0.033652972 0.4724499 0.20756818 0.03194457 0.24571535 0.14924069 0.085311264 -0.008366307 -0.15650629 -0.11077187 -0.049810052 -0.13183485 -0.008389353 0.23477831 0.089755096 0.5497684 -0.1253826 -0.27668056 -0.19985197 -0.2887667 0.23161116
respuesta -0.25590926 0.01873324 -0.3347362 -0.07948678 0.0769085 0.09164475 0.1317828 0.115383685 -0.14011618 -0.014268876 0.3490154 0.16423425 0.006733888 0.17642707 0.10557375 0.07040117 -0.023833416 -0.11560266 -0.08495377 -0.036158968 -0.0943829 -0.00085711683 0.19000173 0.0673345 0.39666232 -0.072647475 -0.21187577 -0.13908201 -0.18894097 0.16605563
informamos -0.29770705 0.027308749 -0.3585968 -0.081453614 0.06379144 0.10879709 0.1672873 0.14508031 -0.15442388 -0.018023307 0.4003444 0.16717511 0.005024029 0.19400771 0.13232715 0.077849336 -0.004080993 -0.11384232 -0.07169842 -0.060168784 -0.13376845 -0.027415842 0.21150573 0.054960735 0.43646803 -0.08554385 -0.24639338 -0.13919064 -0.24062923 0.21801789
consulta -0.3059439 0.02484393 -0.3497277 -0.07591885 0.07426165 0.09214121 0.15682384 0.11821877 -0.15919171 -0.018868227 0.34742963 0.14964971 0.03352324 0.19978517 0.12121244 0.055326346 -0.010765814 -0.11470791 -0.092910916 -0.05094883 -0.118678115 -0.011006528 0.2046709 0.05780098 0.42464402 -0.09915038 -0.22230098 -0.14999366 -0.21865298 0.18840545
cargo -0.25611758 0.012640942 -0.3038864 -0.058562018 0.07229279 0.0820204 0.14143457 0.1205196 -0.121809885 -0.022004157 0.31162158 0.14306246 0.01910502 0.15058161 0.11732005 0.034592927 0.00029838178 -0.119650476 -0.052161947 -0.03457334 -0.1053678 -0.0161116 0.15685019 0.046585925 0.3674988 -0.08657976 -0.19562547 -0.14227162 -0.19812873 0.17384169
proveedor -0.21217288 -0.0011855727 -0.25145656 -0.058025476 0.045487057 0.045509893 0.093472764 0.09286797 -0.08852276 0.0038200538 0.24814238 0.11971398 0.012341244 0.13479179 0.085235566 0.0515131 -0.012873403 -0.06777958 -0.061616044 -0.033550475 -0.075964294 6.0808205e-05 0.1389912 0.05572574 0.30332586 -0.049360946 -0.16960779 -0.09545118 -0.13408583 0.12294409
persona -0.27057466 0.010202723 -0.3236889 -0.08291891 0.052643795 0.09591547 0.13292772 0.10347953 -0.14998342 -0.01986266 0.3247728 0.1544063 0.020183798 0.16016912 0.1243868 0.057645224 -0.0070154867 -0.11450009 -0.06943391 -0.030197438 -0.10548051 -0.0012516003 0.19350669 0.048587393 0.37195832 -0.07748697 -0.22256066 -0.13430317 -0.21485224 0.19557676
valor -0.25969842 0.013617128 -0.3081052 -0.06258441 0.055382147 0.09447803 0.14787705 0.11106529 -0.12594429 -0.016972752 0.34259164 0.13318968 0.0013073902 0.1858885 0.1141226 0.046490204 0.0031599912 -0.12280634 -0.0733604 -0.04531605 -0.093291245 -0.011619431 0.19084702 0.052105155 0.38661206 -0.0758561 -0.20564508 -0.13049464 -0.19869427 0.1855805
llamada -0.26781574 0.006426268 -0.29919443 -0.06504573 0.0509913 0.06995454 0.11433364 0.09508712 -0.11615925 -0.03103637 0.32811826 0.15830979 0.017421108 0.1799567 0.102639504 0.058898356 -0.008679028 -0.10345859 -0.06290697 -0.04196854 -0.092280336 -0.012923528 0.17676409 0.054312643 0.36784592 -0.09352195 -0.19868648 -0.12370237 -0.18978709 0.1647763
confirmar -0.1852771 -0.005758908 -0.22394074 -0.05752718 0.04755354 0.06679725 0.096976504 0.09171683 -0.1016352 -0.023042485 0.24882483 0.09847002 -0.0013807784 0.13488531 0.09340913 0.052499592 -0.01916746 -0.09267928 -0.03747037 -0.021604953 -0.06705646 -0.005964129 0.10938122 0.054625116 0.27349052 -0.06894776 -0.15337114 -0.10067434 -0.15272251 0.13515761
indica -0.13133793 0.006679799 -0.17600144 -0.043588504 0.019272711 0.054952484 0.06890305 0.05729354 -0.0796689 0.003166295 0.16697584 0.07564058 0.0077496334 0.076022185 0.07217349 0.03131102 -0.014504912 -0.053847294 -0.024499813 -0.036398 -0.043384697 0.00456221 0.090741225 0.033823244 0.191649 -0.03945124 -0.09284945 -0.06876305 -0.11807771 0.0780723
contable -0.23965588 -0.00036157377 -0.27753893 -0.0508518 0.037829503 0.07887927 0.108515784 0.09041865 -0.116154045 3.3586257e-05 0.29265806 0.12973794 0.031166585 0.15158847 0.09933808 0.05693617 -0.02006882 -0.091863714 -0.04705128 -0.022374798 -0.08004802 -0.006487558 0.15128845 0.046125792 0.31847477 -0.082186975 -0.17706703 -0.097062305 -0.17892392 0.1363911
fallas -0.21401587 0.0046214117 -0.2410871 -0.03714679 0.036221847 0.05973157 0.106172964 0.08814785 -0.09963064 -0.0034322455 0.26359648 0.100921676 0.021606004 0.11707976 0.07620903 0.037718046 -0.001827457 -0.085142516 -0.05139971 -0.037559316 -0.09008119 -0.014412391 0.14503388 0.03417901 0.31867155 -0.056486752 -0.14646968 -0.102312 -0.14448269 0.15356056
sonido -0.16979733 -0.006174991 -0.18328972 -0.046588276 0.037471563 0.043294206 0.07687453 0.079761736 -0.08878778 -0.017071694 0.18540421 0.09888296 0.005006748 0.09679071 0.08112982 0.03947908 -0.01944091 -0.062412813 -0.044603873 -0.037218936 -0.056568824 -0.021441033 0.09267673 0.04568367 0.22879139 -0.037066318 -0.13302879 -0.08933771 -0.104996026 0.10927997
inicio -0.19874655 -0.0033386967 -0.24041437 -0.054946072 0.049346656 0.067896724 0.11532479 0.07677796 -0.10356791 -0.017301872 0.26031968 0.11974635 0.016824506 0.13746208 0.0822696 0.05729275 -0.021419598 -0.094928905 -0.065219566 -0.04145123 -0.068916164 -0.0024096693 0.15053576 0.060667284 0.28918728 -0.05792846 -0.14752324 -0.09601352 -0.14800498 0.12395106
ciudad -0.16557331 0.019987667 -0.2032599 -0.044272877 0.041514248 0.06536142 0.08001129 0.08739628 -0.07441185 -0.010877168 0.22769642 0.11586537 0.025645003 0.097996846 0.08281355 0.030565273 -0.00034501 -0.06880037 -0.049652707 -0.03457264 -0.08087357 -0.014324753 0.10359053 0.05134025 0.24859491 -0.044408206 -0.14572692 -0.10201897 -0.13729495 0.135232
fecha -0.16469797 0.018550163 -0.2149522 -0.05595629 0.05306365 0.048231844 0.10094959 0.0843922 -0.07467898 -0.0015741234 0.22831681 0.112062395 -0.002497397 0.11779286 0.07283173 0.026325183 -0.021070933 -0.06456767 -0.04921838 -0.028309401 -0.052864008 -0.011695759 0.11475688 0.04994414 0.25221825 -0.06476691 -0.11944862 -0.09966347 -0.13644128 0.10777975
base -0.24180298 0.023728963 -0.29962346 -0.057627305 0.05235942 0.06762576 0.11585659 0.11690282 -0.13734725 0.00030020403 0.30615848 0.14189203 0.0074339705 0.14846565 0.087388106 0.052641995 -0.011431738 -0.11506231 -0.06353864 -0.04128746 -0.08485317 -0.0059892377 0.15714775 0.046796378 0.3539477 -0.072646305 -0.19831103 -0.12159433 -0.1677942 0.1457764
detalle -0.17685877 -0.0028127409 -0.19316046 -0.041290037 0.048721008 0.059792116 0.08592953 0.086063705 -0.08637632 -0.023137003 0.21725723 0.094797485 0.019776389 0.11403307 0.05899955 0.037593186 -0.014616058 -0.076360345 -0.0369084 -0.034196135 -0.06761492 -0.0030080383 0.115548 0.051252525 0.25923684 -0.058734633 -0.1269492 -0.085031115 -0.12620829 0.11732793
solicito -0.24229507 0.0110003995 -0.2694637 -0.054430656 0.053313524 0.059627723 0.108616985 0.093755394 -0.12142421 0.0024412489 0.2975875 0.11921617 0.02035736 0.14105624 0.097075224 0.029014265 -0.01309113 -0.091406405 -0.057030402 -0.04369221 -0.093231514 -0.013861259 0.14518818 0.064452626 0.33051935 -0.074657895 -0.1830515 -0.10055931 -0.17876852 0.15451768
informa -0.21101162 0.024355229 -0.2364209 -0.0571745 0.061334923 0.07710746 0.08739386 0.07008844 -0.10049089 -0.0036306647 0.25372812 0.09856759 0.024009261 0.14009438 0.0880597 0.03528551 -0.021719906 -0.07187321 -0.03813624 -0.030234993 -0.061377935 -0.009121805 0.12384221 0.05387986 0.28733766 -0.06620791 -0.16494393 -0.085804336 -0.16357279 0.1448456
dia -0.22257608 -0.001069564 -0.2553185 -0.049884588 0.0609078 0.06161919 0.11714462 0.07778408 -0.11215361 -0.029278317 0.2581107 0.11112736 0.008428633 0.1309771 0.09802215 0.045039825 0.005596139 -0.09543774 -0.04078505 -0.01895961 -0.07738605 -0.027814088 0.14050396 0.044488985 0.30079532 -0.050848793 -0.15644231 -0.09937899 -0.15968844 0.15277117
iva -0.26467928 0.025927022 -0.31738424 -0.07460129 0.062972434 0.06468304 0.14114422 0.12047673 -0.13748188 -0.0026765338 0.32882726 0.1598494 0.027310072 0.16064607 0.1002762 0.046006292 0.00096410804 -0.10183876 -0.08507716 -0.052134406 -0.10422332 -0.014431715 0.17022564 0.05708361 0.37927154 -0.09308438 -0.20782925 -0.13135587 -0.21248634 0.1837231
electronico -0.15461612 0.017639516 -0.19582985 -0.055858266 0.025178824 0.052556172 0.081605814 0.05490709 -0.08879276 -0.02677351 0.2145791 0.09830649 0.007462511 0.1022308 0.08003182 0.040573742 -0.013722089 -0.06192991 -0.037221603 -0.03395965 -0.061543174 -0.00904343 0.12466876 0.033366315 0.23129006 -0.044119827 -0.121648155 -0.095149755 -0.12289025 0.10514347
practicadas -0.18961607 0.0038917006 -0.22936967 -0.050643176 0.059004243 0.045953065 0.09337752 0.09656287 -0.09220012 -0.013687446 0.22148588 0.11012574 0.0013563605 0.10883874 0.08184523 0.029260855 -0.022970097 -0.08233001 -0.037098754 -0.022489047 -0.072083585 -0.007495331 0.13589892 0.050139353 0.274838 -0.05855449 -0.13372688 -0.110099964 -0.14610657 0.12868701
informan -0.16516037 -0.006790407 -0.18658614 -0.028563352 0.021783033 0.06131242 0.07949793 0.0777301 -0.06808956 -0.024159681 0.18886334 0.08069301 0.018198928 0.10392444 0.065509 0.030052118 -0.0066649807 -0.045428168 -0.032356914 -0.026854832 -0.042196263 -0.011896754 0.10733185 0.038946185 0.22881612 -0.046292264 -0.114794366 -0.08247456 -0.09865058 0.11187097
validacion -0.22418492 0.026672427 -0.24636364 -0.061910827 0.041335806 0.0692763 0.09109064 0.09867815 -0.104470514 -0.003126922 0.27404034 0.118481934 0.02279018 0.14733133 0.08192083 0.049479246 -0.017823497 -0.071614444 -0.06563361 -0.04937888 -0.08341052 0.0020934485 0.14632405 0.045579683 0.31251672 -0.06986938 -0.17358215 -0.09969191 -0.15594475 0.13825935
solicitudmos -0.24580371 0.010891544 -0.2711692 -0.056903843 0.06384341 0.08753658 0.12694477 0.112856396 -0.12976377 -0.003778368 0.29788804 0.12680234 0.008046844 0.15220971 0.11662817 0.043696795 0.0009853455 -0.084756 -0.06926034 -0.047703758 -0.10842563 -0.020760408 0.15643604 0.05636524 0.3578295 -0.08547936 -0.20480123 -0.12583429 -0.1715201 0.17646663
xmil -0.31966338 0.016010066 -0.36800414 -0.09089848 0.06465356 0.11143322 0.15270479 0.12686808 -0.17208618 -0.0036715146 0.407077 0.15808703 0.02001039 0.1981718 0.12781687 0.069802396 -0.00860775 -0.13311508 -0.08068717 -0.03943578 -0.11642516 -0.010325681 0.21801493 0.08136352 0.45316437 -0.08136374 -0.24780354 -0.1580937 -0.22501685 0.20759057
devolucion -0.17224343 0.0043652793 -0.20267989 -0.056659635 0.049229033 0.06267276 0.101600975 0.07765631 -0.07705482 0.0024778203 0.2279047 0.092324324 0.003538983 0.10849625 0.085476235 0.03300587 0.0044222297 -0.07709703 -0.044102576 -0.02777744 -0.07816829 0.00335369 0.11136427 0.039438877 0.24010617 -0.05783772 -0.13133655 -0.074771546 -0.1342049 0.12285311
nos -0.23657776 0.01913494 -0.2657008 -0.060922854 0.05785474 0.052057832 0.12431786 0.09605343 -0.12189468 -0.00519765 0.28920883 0.110478714 0.02961428 0.14370066 0.10517832 0.04635606 -0.015741576 -0.10044056 -0.06853527 -0.044565972 -0.098294035 -0.02172822 0.16101351 0.04621994 0.3360078 -0.06740772 -0.17883742 -0.11180474 -0.17040831 0.15383561
validar -0.17907517 0.020245804 -0.19141696 -0.05394353 0.04959737 0.035557438 0.08134692 0.061748486 -0.08782323 -0.013649647 0.19781509 0.097683 0.025420578 0.10616115 0.05321361 0.045664527 -0.0035538583 -0.058265217 -0.027737798 -0.026197743 -0.07412333 -0.024272671 0.12500077 0.04681439 0.25084612 -0.033882458 -0.13718097 -0.0937669 -0.13899069 0.11808543
aux -0.19958776 -0.0023511676 -0.24604107 -0.042479813 0.036885068 0.06826033 0.094467066 0.089900695 -0.10242257 -0.024335414 0.2583603 0.12391673 0.019310355 0.11358445 0.06552521 0.02997405 -0.023648994 -0.07021351 -0.040081106 -0.043273337 -0.06174161 -0.0021339057 0.14151579 0.04521828 0.28752947 -0.059607863 -0.14662614 -0.102497734 -0.14574152 0.13271084
ustedes -0.18456316 -0.003614983 -0.22309415 -0.04324717 0.041498803 0.06281066 0.09952464 0.09123305 -0.10628684 -0.008807202 0.2501352 0.11382057 0.0032339343 0.12817167 0.08878699 0.024429865 0.00095927966 -0.08870126 -0.064977616 -0.044494923 -0.089551926 0.003900499 0.14856014 0.045340907 0.29887998 -0.04350556 -0.15689401 -0.10168852 -0.13823308 0.13820192
cuales -0.21601026 0.0058006993 -0.2548637 -0.0651681 0.054076098 0.07914154 0.1046812 0.10310463 -0.10502037 -0.028915912 0.28544852 0.12073596 -0.0010015119 0.14252782 0.08337787 0.051388815 -0.0108274855 -0.10207997 -0.06671803 -0.023160959 -0.09531312 -0.019864354 0.1590605 0.049914807 0.32557127 -0.07710552 -0.18641704 -0.11915225 -0.17724411 0.15886675
continuacion -0.29019916 0.016787618 -0.322028 -0.07815894 0.08270373 0.09849468 0.14321354 0.12357944 -0.15408957 -0.03391658 0.3575873 0.16725874 0.031445432 0.18233216 0.11879929 0.06809138 -0.014962496 -0.11090417 -0.07478417 -0.050573364 -0.10166676 -0.019057509 0.17458108 0.062145688 0.405462 -0.08195592 -0.22959271 -0.13158424 -0.20862061 0.19019105
sus -0.14602031 0.011510823 -0.16912338 -0.035162237 0.041198142 0.028545393 0.062368248 0.047472328 -0.084415026 -0.0016054363 0.16792452 0.07564509 0.019288016 0.08953623 0.07430477 0.014757111 -0.022160098 -0.060283307 -0.031860184 -0.014239779 -0.047499534 -0.024403792 0.082832076 0.04340544 0.20859623 -0.045986235 -0.09316263 -0.056022424 -0.10463972 0.09507475
confirman -0.14832729 0.0058305133 -0.18002321 -0.039800808 0.046424575 0.046762846 0.08723685 0.07662237 -0.087938696 -0.011433496 0.17003122 0.08945569 0.014292297 0.0797477 0.045764577 0.026167385 -0.020875223 -0.046666265 -0.030822992 -0.010817483 -0.05664092 -0.010672558 0.11100698 0.014999938 0.20672898 -0.029690407 -0.112724 -0.07858806 -0.10777515 0.08384545
asistente -0.17733267 0.0216357 -0.2157262 -0.044049323 0.040530488 0.039698057 0.08807701 0.08093868 -0.082249776 -0.018077698 0.21037555 0.09187406 -0.0046327766 0.10832639 0.08824807 0.024757355 0.0066586793 -0.07022209 -0.03589561 -0.04343578 -0.051494658 -0.014542364 0.13277516 0.028653929 0.23499082 -0.043603607 -0.14219695 -0.09278583 -0.14393272 0.12691098
cenit -0.18202032 0.018241389 -0.21521758 -0.053297132 0.04875292 0.064931326 0.100240245 0.06258762 -0.10799782 -0.023439018 0.2118175 0.101229705 -0.00068774656 0.109787494 0.089607604 0.020350916 -0.022361115 -0.0813948 -0.056193486 -0.01581581 -0.06900779 -0.013942662 0.13209797 0.043433618 0.2770251 -0.046622247 -0.13060598 -0.099511735 -0.13861685 0.13122134
servicios -0.24225481 0.0040460275 -0.28480452 -0.05492052 0.04587907 0.07010318 0.12824443 0.10932985 -0.11764682 -0.023776362 0.2725756 0.13413283 0.011296073 0.15360144 0.08506657 0.05391333 0.00122996 -0.10212144 -0.07796393 -0.050285343 -0.07890281 0.001053044 0.16238907 0.060038853 0.33777386 -0.062488012 -0.19257836 -0.12217495 -0.16961496 0.16123794
gran -0.35375047 0.030188859 -0.39081064 -0.10303275 0.086696096 0.102061145 0.14927016 0.13469869 -0.18222302 -0.014583655 0.43517008 0.1987872 0.031233318 0.2200805 0.15226606 0.05944796 -0.016975777 -0.11971437 -0.0870351 -0.048655473 -0.13421682 -0.031135874 0.21343045 0.061233327 0.4971812 -0.083431385 -0.27067286 -0.16211496 -0.23375432 0.22262505
responde -0.0588597 -0.0011333856 -0.055371378 -0.009797994 0.009889541 0.01683043 0.020832278 0.028951425 -0.024518546 -0.015363954 0.067419074 0.02682055 0.0146825835 0.03291231 0.01175622 0.0150824245 0.005370077 -0.027668703 -3.732124e-05 -0.010065683 -0.033529107 0.011112775 0.016764197 0.024639526 0.078335084 -0.01244656 -0.029942386 -0.017539682 -0.019889506 0.044705786
