97 30
rg 0.16416314 -0.24740879 0.43222398 0.4939444 0.25776112 0.37189823 0.13914736 0.5446838 -0.03453255 0.06196566 0.41091916 -0.34780598 0.006036775 0.25617945 0.13507204 0.21516629 0.18120702 -0.076065175 -0.32195845 -0.5804143 0.69807464 0.18124582 0.11210035 -0.39871624 0.2684956 -0.3852527 0.45530218 0.28572568 -0.18611883 -0.6533709
fiducia 0.17448255 -0.24041656 0.43180078 0.5007524 0.27385578 0.36841223 0.13856022 0.5541431 -0.022498664 0.07283663 0.41851714 -0.34227845 0.01872147 0.26507938 0.12863564 0.21787784 0.16851768 -0.057205416 -0.35108542 -0.5624086 0.68576765 0.18490262 0.089045316 -0.3945903 0.2925113 -0.35586578 0.44567865 0.30508927 -0.1928698 -0.657439
cuenta 0.15762803 -0.24708036 0.4398494 0.5282651 0.2884299 0.39638892 0.1203753 0.56532973 -0.012777675 0.062349483 0.4304391 -0.34821674 0.016573694 0.2708113 0.1373736 0.244867 0.1741862 -0.06420957 -0.33590192 -0.6126615 0.7419446 0.16429499 0.113738745 -0.42979136 0.3084211 -0.37914118 0.47499257 0.32741067 -0.20182024 -0.68932545
factura 0.15934409 -0.22903949 0.42758092 0.50017667 0.27294534 0.3688902 0.13514398 0.54455274 -0.021254195 0.0599043 0.38969445 -0.3539505 0.0014745705 0.26806003 0.11230779 0.21395878 0.1747723 -0.062891036 -0.33382827 -0.5955624 0.6880779 0.16660285 0.09444297 -0.39552543 0.30202764 -0.37481174 0.4588249 0.30624768 -0.19815929 -0.6699593
acreedor 0.17583036 -0.24179593 0.4237311 0.51292956 0.285949 0.38306183 0.13347505 0.5677732 -0.028571682 0.0688879 0.40715474 -0.3549122 0.0003314004 0.26326123 0.12916099 0.23322465 0.16529055 -0.086662956 -0.35772604 -0.60439897 0.71833324 0.1743719 0.10279845 -0.41879863 0.2893458 -0.38684848 0.4618314 0.32271966 -0.18358815 -0.67891407
escala 0.17042795 -0.244312 0.42778262 0.5039232 0.27860653 0.3690423 0.14253134 0.5480047 -0.033561368 0.06954394 0.4180741 -0.33997536 0.015375669 0.2464168 0.1261572 0.2118438 0.18946782 -0.083779275 -0.36376387 -0.59849936 0.7255952 0.16467841 0.11220227 -0.41967192 0.28583962 -0.39755872 0.46099636 0.29824096 -0.19490986 -0.6546803
interno 0.1502917 -0.23104167 0.4212246 0.5129443 0.2561205 0.35621786 0.14587441 0.55903673 -0.0070191086 0.076236464 0.42035952 -0.3473302 0.011294513 0.26233256 0.11734033 0.229927 0.17722663 -0.062489066 -0.34505156 -0.5798069 0.68789446 0.17925009 0.118714646 -0.42642212 0.28003272 -0.38285604 0.46748582 0.30066022 -0.18321067 -0.65664
solicitud 0.13174388 -0.21935414 0.36599082 0.43928063 0.24913067 0.3255146 0.111705266 0.4977715 -0.0296112 0.058387622 0.3468182 -0.31742993 0.018543536 0.22312647 0.118142985 0.19898075 0.16917379 -0.06519021 -0.2883688 -0.5246933 0.61311114 0.15208276 0.10399873 -0.37790778 0.24617371 -0.3339396 0.38273302 0.27237174 -0.15861201 -0.58502036
retencion 0.1493538 -0.23994188 0.43180346 0.49892923 0.2559812 0.37297067 0.14519762 0.55013925 -0.029239472 0.08320446 0.419689 -0.32517928 0.0136045385 0.24438177 0.12301398 0.22764468 0.18294154 -0.08200761 -0.33434942 -0.59567696 0.7207382 0.1724468 0.10612422 -0.40495625 0.27429798 -0.36566865 0.44709626 0.31850523 -0.16333266 -0.64186245
garantia 0.17130537 -0.246267 0.4254009 0.51534116 0.26482388 0.36483857 0.11996184 0.54543984 -0.03546587 0.08341668 0.40024367 -0.35636252 0.011442346 0.26063207 0.112186454 0.24221662 0.17768358 -0.088941485 -0.3506421 -0.6042058 0.6958874 0.18202163 0.109032474 -0.42562512 0.30278805 -0.37054497 0.44420314 0.31822562 -0.1844167 -0.6665818
pago 0.15833774 -0.2413075 0.40401992 0.516645 0.25777587 0.36061665 0.14335147 0.545111 -0.029625837 0.056868695 0.3912666 -0.34966856 -6.013034e-05 0.24009667 0.124190345 0.22368883 0.16722302 -0.065846846 -0.35050985 -0.5784765 0.70491624 0.17009576 0.10038259 -0.42267793 0.26873598 -0.39594334 0.44829217 0.31584233 -0.19615963 -0.65731347
informacion 0.17041384 -0.24070732 0.4364659 0.49580106 0.2596847 0.37378368 0.14024141 0.5569426 -0.03327924 0.0627293 0.4005314 -0.34224015 0.028628178 0.2686777 0.13769706 0.23559108 0.18609495 -0.06022146 -0.3508196 -0.59582365 0.70848835 0.18148609 0.096154585 -0.41478708 0.3002508 -0.36458692 0.45013532 0.30199468 -0.16991438 -0.66833335
proveedor 0.14827818 -0.23838025 0.42020926 0.47684148 0.25703242 0.37512064 0.11218084 0.5454981 -0.021544714 0.052055307 0.38907674 -0.34172398 0.012404905 0.24011588 0.12213246 0.21742465 0.16824105 -0.077150404 -0.34660134 -0.58923495 0.69947827 0.15570231 0.09793961 -0.4026439 0.28633562 -0.36314464 0.4501726 0.30670196 -0.17042856 -0.6638032
fiduciaria 0.14326136 -0.21856423 0.39848807 0.48100668 0.27051434 0.35444027 0.11718676 0.5339217 -0.029658832 0.054527014 0.39012632 -0.3287375 0.018995501 0.25285763 0.1264645 0.21770982 0.17272511 -0.07839531 -0.32614923 -0.5508256 0.6795934 0.14820588 0.099922925 -0.3779395 0.27817944 -0.37329325 0.44088146 0.30087534 -0.18417343 -0.62501323
documento 0.15982845 -0.21557808 0.39793542 0.46893042 0.24609345 0.34629157 0.13515611 0.53492105 -0.025344294 0.078647606 0.3967925 -0.31596893 0.01432704 0.2502418 0.12156845 0.21775977 0.18406887 -0.07478598 -0.34164482 -0.5622516 0.658096 0.16624178 0.1036871 -0.38429412 0.26021254 -0.376704 0.43996844 0.2857898 -0.17656328 -0.63709795
sea 0.16822907 -0.23391101 0.41955924 0.45728633 0.2462151 0.3476805 0.10585596 0.5340865 -0.020174773 0.05138266 0.39420468 -0.33152887 0.017032104 0.23598573 0.10976546 0.19937071 0.17136039 -0.059966117 -0.30995587 -0.5405355 0.6723183 0.17972228 0.1081309 -0.38281628 0.27352172 -0.3629326 0.43846563 0.29328704 -0.17197585 -0.6310897
validar 0.14159678 -0.23673607 0.3967471 0.47934243 0.25367555 0.36864993 0.1114564 0.5283599 -0.027447801 0.048437648 0.39576265 -0.34306514 0.006559988 0.23943312 0.1277771 0.2196433 0.16067703 -0.08709919 -0.34011498 -0.5749526 0.6932596 0.17644572 0.08416131 -0.40564147 0.28003663 -0.35595345 0.4403392 0.30056736 -0.1728438 -0.6453799
sociedad 0.15592924 -0.24985804 0.4216257 0.50252557 0.26764828 0.35559183 0.13960594 0.5397871 -0.009822802 0.082205 0.40039933 -0.3250052 0.017494371 0.24562785 0.10914799 0.21862619 0.18867771 -0.09216904 -0.32614505 -0.5712423 0.6983103 0.16233599 0.10297349 -0.41367808 0.27242038 -0.38183126 0.43707374 0.30762762 -0.16711107 -0.65706444
partidas 0.18237157 -0.2493243 0.45986298 0.54608697 0.31058165 0.3966181 0.12932774 0.57874316 -0.032762732 0.08760155 0.44982383 -0.36734042 0.01641536 0.2835552 0.15281174 0.24819861 0.19828004 -0.08617829 -0.35801816 -0.6443671 0.76495886 0.19182342 0.09769819 -0.44436258 0.3182917 -0.40102774 0.4747476 0.32277235 -0.18700376 -0.7236178
tipo 0.13846543 -0.21934617 0.38822517 0.4777537 0.2540093 0.33251265 0.11353221 0.5030402 -0.021569576 0.04964431 0.38586125 -0.30647078 0.016703134 0.21950655 0.12110996 0.20029213 0.1778401 -0.067840435 -0.31913018 -0.5369457 0.6596793 0.16902873 0.10820818 -0.39391503 0.26063633 -0.34310043 0.42174408 0.28265035 -0.17127846 -0.6052734
bloqueo 0.15001555 -0.20774926 0.36762795 0.4556383 0.25410044 0.3290477 0.10898805 0.46928385 -0.03512085 0.054849703 0.36933643 -0.3043211 0.01941671 0.22266398 0.1171176 0.19029942 0.15030782 -0.07506778 -0.28968328 -0.53419524 0.622737 0.15048666 0.10808821 -0.36772987 0.2654869 -0.35182345 0.39591908 0.28291786 -0.15472078 -0.5853543
receptor 0.1458505 -0.19777517 0.39471722 0.44388956 0.24418521 0.34020668 0.10257396 0.4936117 -0.010698292 0.053640995 0.37970188 -0.30199772 0.015866302 0.22086337 0.11021496 0.20888971 0.14398344 -0.06338198 -0.30854246 -0.5421229 0.63883066 0.1534592 0.08586483 -0.35716325 0.24572279 -0.35466903 0.38840416 0.26757005 -0.15052164 -0.5962375
sap 0.14569797 -0.23867944 0.41370597 0.48831123 0.27212346 0.3749976 0.14199488 0.52812195 -0.019352192 0.05784104 0.40661162 -0.33546224 0.023805853 0.23511417 0.12073886 0.22742383 0.17231628 -0.08530982 -0.32191953 -0.55780494 0.69359463 0.16833787 0.09328338 -0.40244827 0.279884 -0.36692655 0.44834402 0.30283108 -0.1659235 -0.64647543
adjunta 0.14748356 -0.23952559 0.39809838 0.46286947 0.2760452 0.36592293 0.118393205 0.5084365 -0.005804614 0.06054254 0.39908776 -0.31819454 0.007339689 0.23734283 0.12715848 0.2221235 0.16519122 -0.0801942 -0.34419516 -0.55857146 0.6897046 0.15992379 0.09667006 -0.4027969 0.28716424 -0.3725731 0.43569592 0.28647795 -0.18713841 -0.6125773
presenta 0.14910004 -0.22220537 0.42957157 0.49490935 0.27121767 0.37117785 0.14378527 0.5300787 -0.016337968 0.05749147 0.4063144 -0.34603554 0.029944457 0.24520229 0.103995405 0.23115103 0.16356748 -0.059523977 -0.35115665 -0.57890266 0.6909519 0.17821515 0.086688384 -0.3942207 0.2715193 -0.36836067 0.45009696 0.2921678 -0.180998 -0.6321854
estado 0.14415035 -0.18676074 0.35991487 0.4154322 0.21039245 0.30255494 0.09442122 0.4416029 -0.01958632 0.052219834 0.34841776 -0.29553983 0.01591907 0.21889499 0.103855856 0.16754839 0.15227704 -0.06802118 -0.2837327 -0.47253397 0.5666508 0.15330188 0.08722841 -0.34348732 0.24643996 -0.2998782 0.34968406 0.2604113 -0.14497206 -0.53992677
empresa 0.14258511 -0.2340014 0.4035432 0.46673334 0.26154304 0.3386575 0.13690217 0.5309004 -0.0072906036 0.06697334 0.3943576 -0.32222253 0.005900784 0.23389614 0.113230966 0.19888456 0.15294136 -0.07979557 -0.31725618 -0.5731269 0.6705427 0.17313874 0.1128904 -0.39338037 0.28962153 -0.36029154 0.4392981 0.2873639 -0.19025345 -0.634692
nivel 0.13340183 -0.21910454 0.414259 0.4677166 0.24428809 0.35097912 0.12685484 0.50753874 -0.022881085 0.066900566 0.3968536 -0.31122297 0.028736169 0.23336966 0.1145357 0.19538224 0.17481653 -0.070027776 -0.332351 -0.55499923 0.65672237 0.16000275 0.09589257 -0.3955342 0.2527749 -0.36803925 0.42192215 0.29323885 -0.18444887 -0.61605924
contratista 0.16842957 -0.23484318 0.42164505 0.51825124 0.26669377 0.36009917 0.13301328 0.54716235 -0.016312871 0.083770044 0.41076246 -0.36913195 0.013520323 0.25414872 0.14170365 0.23357688 0.17085098 -0.08803792 -0.3675343 -0.594639 0.7364114 0.17028597 0.10974917 -0.40653887 0.28327218 -0.40563762 0.44310108 0.3252945 -0.19632864 -0.6832702
numero 0.16128631 -0.22925067 0.4102645 0.46192926 0.25514507 0.35285687 0.10548528 0.5236654 -0.029629491 0.052782394 0.3717448 -0.31339696 0.016069036 0.2226761 0.1305703 0.20337228 0.15075195 -0.054954354 -0.32568985 -0.54904604 0.6708981 0.15054849 0.08535092 -0.39635772 0.27605036 -0.36270705 0.43420723 0.29958233 -0.16030593 -0.63010776
colombia 0.1613914 -0.22513 0.4271164 0.46714106 0.27534732 0.3711738 0.11714342 0.52715164 -0.0043613436 0.069361374 0.4047042 -0.3452299 0.03171891 0.25172594 0.11413246 0.22941369 0.18762173 -0.073114924 -0.32693258 -0.5506729 0.691238 0.16438356 0.1132294 -0.41728318 0.27610716 -0.38385028 0.4542245 0.28694898 -0.18655749 -0.6281373
confirma 0.13831176 -0.24163991 0.40302402 0.458416 0.26838785 0.34663776 0.114525236 0.5268914 -0.0134107135 0.06555767 0.3706841 -0.33855763 0.00017270396 0.24130979 0.10332268 0.19880769 0.15287347 -0.08317998 -0.3325789 -0.5485467 0.6670713 0.17763864 0.08675375 -0.40478933 0.27171507 -0.365815 0.41167605 0.28856003 -0.17911978 -0.6288288
consignada 0.16027649 -0.21648057 0.41364017 0.46755636 0.25578156 0.34099504 0.11647214 0.49732155 -0.0121422475 0.072065584 0.38656434 -0.310614 0.00061181106 0.22230813 0.0995989 0.19139287 0.17886826 -0.05302461 -0.30565035 -0.5511187 0.6656102 0.15707742 0.105541766 -0.3703504 0.26919308 -0.34540668 0.41231656 0.27959847 -0.18735325 -0.6104299
administrador 0.13366961 -0.22999965 0.40235534 0.45688552 0.23345383 0.35326234 0.13101166 0.5071154 -0.026449906 0.07079922 0.36606184 -0.32874405 0.028601315 0.24247438 0.12067702 0.21134253 0.1698768 -0.069477275 -0.33454856 -0.52876 0.663878 0.1533437 0.09148155 -0.38992968 0.2670734 -0.36884275 0.39915553 0.28973702 -0.15188196 -0.6117414
contrato 0.14971094 -0.2182632 0.37888458 0.44896516 0.24303798 0.3359282 0.10553624 0.5196076 -0.0054853717 0.061069805 0.37240264 -0.31729606 0.017572928 0.23086727 0.109134115 0.19493933 0.16973631 -0.06741461 -0.3114338 -0.5263928 0.6356555 0.14328079 0.10946778 -0.37617418 0.27930388 -0.3391562 0.4125622 0.26713875 -0.18189569 -0.6084474
encuentra 0.14450783 -0.2268624 0.41480958 0.46340474 0.27232432 0.3483143 0.12564221 0.51662254 -0.018120388 0.07607483 0.38177305 -0.33850008 0.01143803 0.2543462 0.11848102 0.20547427 0.15842111 -0.0829856 -0.3422126 -0.55778843 0.66301787 0.15688862 0.10632484 -0.3795597 0.27032194 -0.37169766 0.43307868 0.30175525 -0.15955235 -0.6255669
fin 0.17515357 -0.24045196 0.41923252 0.50337976 0.28559864 0.34645596 0.1219444 0.5597187 -0.01617419 0.055790517 0.40125185 -0.3465856 0.020336712 0.26653898 0.12256092 0.22265452 0.16089793 -0.07071929 -0.35511482 -0.5902473 0.69615936 0.17792064 0.124138325 -0.40127277 0.26863438 -0.3855837 0.42733708 0.3216558 -0.19278876 -0.6653067
soportes 0.13790576 -0.21597256 0.36292905 0.432248 0.24807687 0.32569337 0.117239326 0.46717274 -0.029738765 0.04874053 0.36260936 -0.28775012 0.016322548 0.22967063 0.116999246 0.20060575 0.14028051 -0.078643575 -0.29976627 -0.5089046 0.61353004 0.13979551 0.086880796 -0.37704268 0.23789251 -0.34150138 0.38110858 0.25524697 -0.16872175 -0.5607869
correspondiente 0.16197152 -0.24758233 0.41236758 0.5101133 0.28659496 0.37065944 0.13578758 0.5417664 -0.020879827 0.07614816 0.41584167 -0.3305247 0.012872527 0.24877222 0.10963779 0.22973756 0.17837414 -0.07076655 -0.34367314 -0.5697648 0.71884483 0.18307757 0.111325175 -0.40794295 0.29329795 -0.39648438 0.42731616 0.2910559 -0.17010546 -0.6672134
atencion 0.14747956 -0.21410923 0.35687533 0.4493104 0.23052774 0.30085945 0.105800174 0.4770384 -0.02458742 0.06429699 0.34200794 -0.29213217 0.0050653713 0.21352915 0.100544944 0.18662834 0.14818513 -0.054292 -0.29595733 -0.5207247 0.60202813 0.16301557 0.08674552 -0.36256856 0.2560889 -0.33123788 0.3807382 0.2801796 -0.15999891 -0.56342566
fecha 0.13283862 -0.22028272 0.3691619 0.4435315 0.23140328 0.32871643 0.1220017 0.4825976 -0.023263806 0.074410774 0.3446985 -0.2868312 0.029942678 0.21530303 0.122871146 0.20629802 0.15355411 -0.0555658 -0.29133463 -0.49167076 0.6262792 0.1452056 0.080763586 -0.34117112 0.2587999 -0.33556253 0.37348783 0.27758726 -0.14378278 -0.56874263
bancaria 0.1491705 -0.227271 0.41630548 0.49598175 0.25196746 0.36124793 0.13706882 0.53083116 -0.010037294 0.05623106 0.40268457 -0.33690128 0.010793036 0.23342551 0.11036936 0.22275724 0.15897483 -0.07534742 -0.3428445 -0.54891056 0.6859935 0.1783455 0.09656715 -0.39708954 0.28877664 -0.37732086 0.42798063 0.28347686 -0.17237663 -0.6152723
acuerdo 0.15265378 -0.22417699 0.38005504 0.4462002 0.2417755 0.34707507 0.12468767 0.50759757 -0.03366211 0.072913684 0.37121472 -0.32077605 0.025228156 0.21658371 0.10699126 0.1980327 0.17403865 -0.064201064 -0.31871143 -0.52243793 0.62342167 0.15312599 0.07947275 -0.38233146 0.25965676 -0.361789 0.38687816 0.26146004 -0.17305772 -0.5883288
nos 0.16084875 -0.25824073 0.43233034 0.5186777 0.26764008 0.37519357 0.14404723 0.5641585 -0.029698502 0.08036549 0.40333104 -0.34055877 0.0025876067 0.25116652 0.13853987 0.22017169 0.17937642 -0.07297607 -0.36351743 -0.6013108 0.72991246 0.18622386 0.11101052 -0.4331056 0.2946997 -0.39823332 0.4621744 0.32374662 -0.18033728 -0.6553523
applus 0.17120306 -0.23397289 0.41267055 0.5152233 0.2624622 0.3629542 0.1234971 0.54167324 -0.004722663 0.07247094 0.41523042 -0.34655398 0.025012312 0.23660114 0.10621457 0.238829 0.17981078 -0.057651408 -0.3425424 -0.5903952 0.71502066 0.15782924 0.10766822 -0.42798167 0.29819915 -0.39292338 0.4582295 0.30724224 -0.17888732 -0.65765613
norcontrol 0.17041054 -0.2532351 0.44693026 0.50398517 0.29463476 0.39081106 0.12962691 0.58260053 -0.019799186 0.054791823 0.43123066 -0.35194704 0.032198768 0.27408442 0.115960576 0.22350574 0.19895323 -0.06363262 -0.35282233 -0.6008216 0.7221706 0.1694578 0.103568904 -0.42693782 0.28604257 -0.37976232 0.46503988 0.310008 -0.18846568 -0.6813339
id 0.16462176 -0.22950357 0.41256568 0.50051534 0.2532195 0.3518748 0.121824145 0.54325724 -0.021292362 0.062797025 0.4123242 -0.3353291 0.01795736 0.26537642 0.124725804 0.21554531 0.15741292 -0.08123934 -0.33586 -0.5805213 0.68527323 0.16164692 0.11645466 -0.41145095 0.27538732 -0.35794413 0.43122277 0.29376745 -0.1853372 -0.65005213
evidencia 0.1529095 -0.21777877 0.4185093 0.47517708 0.27171364 0.3551018 0.12528922 0.52677596 -0.030050881 0.07724608 0.37874314 -0.31093797 0.014590561 0.23786053 0.114015594 0.20916224 0.15133429 -0.08171175 -0.31412187 -0.56150925 0.68187773 0.15929177 0.11178772 -0.38562986 0.27553755 -0.3681004 0.41530374 0.2945081 -0.1788985 -0.6210386
observaciones 0.13256396 -0.1957352 0.362912 0.4174982 0.21904865 0.29601145 0.10823805 0.4778868 -0.019126974 0.07015516 0.3630903 -0.2794438 0.013472036 0.22992934 0.12284659 0.20001276 0.13807039 -0.080733314 -0.2885084 -0.5144002 0.59016514 0.1501056 0.10310379 -0.35062888 0.25263178 -0.31712732 0.37455064 0.2548779 -0.17118563 -0.5560734
doc 0.1293715 -0.2149675 0.35645518 0.4212414 0.2425519 0.30584282 0.11603352 0.47605273 -0.005587877 0.06350942 0.35524982 -0.29895428 0.00799485 0.22421601 0.09180232 0.17976563 0.14927341 -0.058734134 -0.29442048 -0.52347744 0.60715455 0.1608246 0.0856261 -0.3502677 0.25098896 -0.32560602 0.4036732 0.2722276 -0.14859879 -0.57696766
apoyo 0.16242504 -0.23870182 0.40034992 0.48966157 0.24814518 0.35016248 0.13054591 0.50563496 -0.026243605 0.07753591 0.39370984 -0.32130212 0.025176857 0.24788475 0.12949488 0.22274163 0.15636213 -0.060400188 -0.32550865 -0.54837984 0.6721231 0.15521026 0.116757505 -0.3898104 0.2644366 -0.3588545 0.43055138 0.28701207 -0.15800619 -0.6106661
continuacion 0.13947701 -0.21274717 0.40178865 0.44280854 0.2577402 0.32990393 0.104961485 0.5045046 -0.022384118 0.072847635 0.36976513 -0.30870616 0.011922511 0.24195673 0.10168329 0.2039294 0.1496517 -0.07072581 -0.32695627 -0.5483746 0.65919125 0.1395248 0.0961713 -0.38012734 0.2618179 -0.33301792 0.41594434 0.26310527 -0.15902868 -0.60450214
remito 0.14520682 -0.21975088 0.39641216 0.4678442 0.25220332 0.35634762 0.11184368 0.51565313 -0.012649047 0.07775361 0.368243 -0.32225895 0.030952485 0.2211355 0.11611209 0.2081411 0.15850846 -0.07608533 -0.29874304 -0.5508232 0.6505123 0.14143784 0.09282996 -0.39033854 0.26479116 -0.35961583 0.4105893 0.2937641 -0.17359495 -0.588901
nivelsociedad 0.16309837 -0.24301268 0.42103103 0.49817124 0.26244676 0.36887795 0.13581242 0.5181697 -0.020409277 0.05144438 0.3860949 -0.32786116 0.028409814 0.25540695 0.104358405 0.21557042 0.1709782 -0.08528474 -0.3277933 -0.55339384 0.683267 0.15092042 0.10133991 -0.41539347 0.26550624 -0.37844333 0.43959898 0.27877277 -0.19073479 -0.6184174
bloque 0.14584745 -0.20596851 0.39579803 0.4571336 0.25292796 0.33993426 0.10805309 0.5050835 -0.0018676493 0.04574737 0.37948433 -0.32632732 0.011662962 0.22333437 0.12610711 0.19250298 0.17486776 -0.06568856 -0.32744744 -0.54213446 0.6564608 0.15473314 0.07857552 -0.381065 0.2706384 -0.3392414 0.41877162 0.29292402 -0.16008268 -0.6246332
solicito 0.14971873 -0.2295038 0.38840422 0.48308468 0.2531885 0.34099218 0.11024508 0.5219719 -0.0045398735 0.06989943 0.3864383 -0.3065479 0.02071928 0.24236281 0.10929641 0.21547186 0.16672312 -0.08109897 -0.31914183 -0.56647915 0.673052 0.15856275 0.10781259 -0.39996383 0.2682114 -0.3684857 0.43273357 0.27584472 -0.16716857 -0.6196269
ecopetroldoc 0.12933579 -0.19341218 0.3825151 0.41763127 0.24364123 0.30242136 0.121424094 0.48634657 -0.00646561 0.057798646 0.36299542 -0.2889056 -0.0015768462 0.21000588 0.10697498 0.21056457 0.15761608 -0.06979821 -0.28596509 -0.5126297 0.6247841 0.1646102 0.08434382 -0.3517108 0.2646706 -0.33769137 0.39098954 0.25298268 -0.15453984 -0.56768435
observacion 0.14907697 -0.19762847 0.3628196 0.43461514 0.22153679 0.31986818 0.107683346 0.45934185 -0.010840672 0.061542004 0.35427386 -0.29349667 0.028245596 0.2166701 0.10261493 0.20409 0.15022632 -0.07783901 -0.2870466 -0.5041356 0.5968641 0.1503748 0.08487078 -0.33671936 0.24112351 -0.31976765 0.38681492 0.24398573 -0.14101881 -0.54476416
encuentran 0.16528782 -0.20936193 0.40127438 0.471685 0.25224486 0.34761348 0.11471945 0.5071718 -0.029467441 0.069984466 0.3725421 -0.32101008 0.008683145 0.23071633 0.12418457 0.21737517 0.17587708 -0.08638576 -0.33826795 -0.53462535 0.6587915 0.14728096 0.0866444 -0.37239859 0.25661808 -0.3679692 0.4152083 0.28210527 -0.15572271 -0.6300479
certificado 0.15183903 -0.22203453 0.40314466 0.46208587 0.2469182 0.35861933 0.112996444 0.5031988 -0.031447068 0.07412746 0.40177563 -0.31045556 0.03005123 0.23138352 0.12970781 0.20042922 0.17804402 -0.06223769 -0.32735252 -0.55010706 0.6775829 0.17669362 0.0846614 -0.4020254 0.2758204 -0.3529377 0.43164095 0.2731882 -0.18076597 -0.61115354
banco 0.13331167 -0.19794865 0.37052166 0.44376755 0.25086743 0.30949625 0.116263226 0.48058298 -0.033122953 0.070589624 0.35336843 -0.2873658 0.009556196 0.22073102 0.12550893 0.21019553 0.15270405 -0.077705905 -0.30308744 -0.52111584 0.6254284 0.1592819 0.100854315 -0.3533431 0.24819827 -0.3189484 0.40010402 0.2588669 -0.17631182 -0.57773185
adjunto 0.14771263 -0.22085619 0.36807686 0.46353388 0.24281295 0.33616966 0.112506725 0.4823995 -0.007476352 0.049410526 0.353573 -0.3062909 0.030742886 0.24159347 0.10300548 0.194387 0.14623794 -0.0710651 -0.30100778 -0.5200243 0.63833433 0.14529221 0.106988944 -0.38808233 0.2521504 -0.33635113 0.40942207 0.26724407 -0.16532654 -0.60973084
verificar 0.08991957 -0.12627916 0.24645917 0.2799012 0.15922403 0.2136675 0.07820964 0.30173436 -0.0009721346 0.031385053 0.21406825 -0.19666333 -0.00037647472 0.12538236 0.07076727 0.11398374 0.10468009 -0.048952088 -0.1881252 -0.33241352 0.40354776 0.10209595 0.058605302 -0.216295 0.1746812 -0.22842611 0.23360282 0.18234994 -0.103367716 -0.3818551
solicitudmos 0.12847573 -0.19943002 0.3373323 0.4234263 0.20611091 0.28586727 0.10657185 0.4528037 -0.01886707 0.062498875 0.3264279 -0.28608057 0.0018430725 0.21940133 0.100839294 0.16870578 0.14500633 -0.051676404 -0.29519385 -0.49161893 0.56470895 0.13805555 0.07387447 -0.3482076 0.22073416 -0.31163618 0.38008133 0.25099558 -0.13389426 -0.5378886
certificacion 0.17757611 -0.24225421 0.40523955 0.48587322 0.28620958 0.36476737 0.12409097 0.5345586 -0.016752249 0.072784364 0.41601825 -0.34376737 0.004594898 0.2607959 0.11392907 0.23476136 0.17616408 -0.06586949 -0.3356111 -0.58022565 0.694366 0.16061638 0.08969045 -0.41018063 0.26994243 -0.39202428 0.4268818 0.31033868 -0.18037677 -0.64133626
asignar 0.1396169 -0.19145282 0.3620009 0.4236951 0.22917591 0.32342416 0.11104411 0.47586524 -0.015600433 0.061561685 0.3408852 -0.29058266 0.0063803005 0.22158726 0.10881586 0.20093335 0.1583591 -0.074508 -0.2813471 -0.5156558 0.6231322 0.14774558 0.090516366 -0.3604919 0.24951743 -0.3250739 0.3800214 0.2505992 -0.16035652 -0.5792317
bancolombia 0.12575765 -0.19833855 0.32682112 0.40168226 0.20661008 0.30386734 0.09868548 0.45152462 -0.013417875 0.052453376 0.31403342 -0.29001012 0.016711585 0.21285684 0.11585952 0.18318263 0.15450338 -0.0667491 -0.27566966 -0.47686067 0.5562792 0.14610666 0.07648149 -0.33233917 0.23030831 -0.3172976 0.36828008 0.25305757 -0.14010632 -0.52267045
retenciones 0.11444674 -0.21154723 0.33634293 0.39920256 0.20361765 0.29806566 0.111075595 0.43953052 -0.030266803 0.05279263 0.33316517 -0.27256095 0.005170819 0.21737261 0.08880213 0.1878912 0.15320706 -0.06814892 -0.2962692 -0.48069042 0.5623248 0.12627259 0.09546815 -0.35042247 0.21816051 -0.3242395 0.35823238 0.23750511 -0.16202384 -0.5543316
ciacom 0.15399666 -0.23446685 0.40900037 0.48040375 0.26662576 0.33210617 0.13460676 0.51276755 -0.032851554 0.08066638 0.39166424 -0.33190513 0.007748492 0.24609898 0.10341527 0.20348063 0.16724469 -0.08553817 -0.33406317 -0.56467265 0.6830351 0.17888743 0.1029245 -0.39506802 0.27035946 -0.3479091 0.43161672 0.2798423 -0.1856431 -0.6406119
teniendo 0.13289088 -0.18421368 0.3503885 0.41425702 0.21136497 0.2903254 0.106448136 0.44614026 -0.025854068 0.059378494 0.31787357 -0.2720306 0.014438613 0.2086505 0.09300634 0.18149872 0.1281595 -0.06449892 -0.27702618 -0.4535619 0.5565534 0.15152884 0.07792339 -0.31323522 0.22377774 -0.30621526 0.36077574 0.23024079 -0.12839375 -0.5377449
ahorros 0.1456532 -0.21046454 0.3477119 0.41659647 0.20670117 0.28197944 0.121286586 0.42930907 -0.008295485 0.052977413 0.32218978 -0.2784919 0.023090689 0.2155937 0.08605922 0.1910642 0.1561799 -0.06100087 -0.27186632 -0.4804682 0.58559227 0.14773068 0.10005142 -0.33529276 0.22449039 -0.30173498 0.36223567 0.26262176 -0.14856505 -0.5419146
aun 0.16429868 -0.21709318 0.3839446 0.45926914 0.25804976 0.3154364 0.12125088 0.49114615 -0.006885276 0.077523015 0.3740176 -0.32318926 0.016075969 0.24809816 0.11215459 0.1929793 0.14351137 -0.0648476 -0.32904178 -0.5436789 0.64265907 0.15165895 0.100308485 -0.37429422 0.26971826 -0.35467875 0.40427458 0.28129476 -0.1713421 -0.6033167
relaciono 0.14776915 -0.19377217 0.37837484 0.45199883 0.23708229 0.30337465 0.10848372 0.48092252 -0.031280912 0.07315832 0.363521 -0.30041087 0.026355114 0.23205242 0.11372789 0.18693882 0.13445026 -0.080365606 -0.30571124 -0.52628636 0.6028169 0.1506659 0.09211166 -0.34540004 0.24879865 -0.34794146 0.37864032 0.25777784 -0.14067714 -0.55988777
desbloqueo 0.10699994 -0.16422957 0.29939815 0.36165422 0.17193101 0.25685567 0.09309469 0.3945615 -0.014379716 0.03642249 0.27776158 -0.24379353 0.0050144964 0.18033239 0.09444415 0.17188953 0.116717756 -0.0387951 -0.24635006 -0.41773504 0.4987467 0.12570812 0.06333105 -0.3004004 0.18477584 -0.2614902 0.31860262 0.22464249 -0.11016543 -0.45627454
indicado 0.14971392 -0.22507586 0.39017227 0.48146546 0.2547746 0.33644176 0.105948284 0.5229884 -0.022562928 0.07395351 0.3751503 -0.30679992 0.02028624 0.2326591 0.113896966 0.20525803 0.14650497 -0.07833962 -0.32924017 -0.5628926 0.6633977 0.17313068 0.08186529 -0.39602286 0.2651296 -0.37033424 0.4068483 0.28511587 -0.15910253 -0.61670876
pantallazo 0.14607832 -0.22720723 0.40996265 0.48382008 0.2688456 0.35266536 0.118382126 0.5199848 -0.03846531 0.055357214 0.40086108 -0.33198866 0.026582476 0.25483206 0.12452689 0.20800187 0.18398967 -0.0721524 -0.3292516 -0.5669098 0.6636204 0.15762702 0.10568453 -0.41194928 0.28098574 -0.38108376 0.4392452 0.2996434 -0.18624151 -0.611382
cira 0.12403407 -0.19231237 0.3609611 0.43131974 0.20699126 0.29829204 0.118735805 0.43960875 -0.007830953 0.06429626 0.3550241 -0.28823903 0.0035265572 0.19600692 0.09513931 0.19953598 0.13712691 -0.075210705 -0.2905272 -0.48034254 0.5952745 0.14738363 0.073222354 -0.35393405 0.23655231 -0.30406886 0.38433537 0.25161985 -0.1673081 -0.54713047
referencia 0.13491662 -0.20907715 0.36872944 0.42138147 0.2328033 0.30606082 0.1266443 0.45623142 -0.010716543 0.073292226 0.3424809 -0.2813069 0.021547407 0.23579551 0.11680228 0.20192087 0.16511042 -0.06810768 -0.2786901 -0.49301955 0.60460883 0.13419372 0.08897067 -0.3630986 0.24239066 -0.31558397 0.39556903 0.24984035 -0.15670806 -0.5795757
detalle 0.13737057 -0.193409 0.35637707 0.40460423 0.21430145 0.29723242 0.092195325 0.45253947 -0.0049307244 0.05817616 0.34953558 -0.29247302 0.011513088 0.21653028 0.11683947 0.17818423 0.1606412 -0.048870455 -0.2897524 -0.49221954 0.57828486 0.14957854 0.074934185 -0.32509208 0.23466638 -0.32156768 0.3849865 0.23593801 -0.13552468 -0.5269277
mas 0.15740553 -0.23181656 0.3962916 0.45490158 0.25274318 0.32425252 0.110622175 0.4975882 -0.038355645 0.07071532 0.39342257 -0.29955852 0.029382033 0.23610885 0.12714139 0.21011025 0.14960809 -0.08414744 -0.31331375 -0.5350337 0.65952027 0.14971167 0.11071032 -0.38662058 0.2763637 -0.3444942 0.40992463 0.2698998 -0.16073413 -0.6082921
manera 0.12740725 -0.2177868 0.37850392 0.44539526 0.24306557 0.32686198 0.1171937 0.48748198 -0.0131723415 0.047948148 0.35408115 -0.309546 0.022273026 0.22674897 0.11050252 0.2065104 0.14119706 -0.057259418 -0.3015885 -0.4954127 0.629713 0.1646544 0.100847945 -0.36944014 0.26362762 -0.33578447 0.38383058 0.2821101 -0.1439547 -0.57244873
realizar 0.160696 -0.21328166 0.37965295 0.44717202 0.25028166 0.33013773 0.12018928 0.48898056 -0.007970651 0.048903182 0.35077402 -0.31480658 0.026001623 0.24527425 0.12284008 0.1894546 0.14493918 -0.056368046 -0.31824705 -0.53262395 0.63480896 0.15026148 0.10828438 -0.3674996 0.27002797 -0.33429617 0.41072062 0.27633303 -0.15409645 -0.5837259
consorcio 0.13092221 -0.21515758 0.35747376 0.4444751 0.23353624 0.3238081 0.09822533 0.47513533 -0.03604648 0.07458894 0.3584669 -0.30656466 0.021761606 0.22688302 0.091679975 0.17584543 0.15549023 -0.053221375 -0.27950028 -0.5057726 0.60426736 0.16173074 0.09768816 -0.3388053 0.24392503 -0.34100035 0.37596673 0.25256506 -0.14572991 -0.5716649
drilling 0.13112743 -0.20791323 0.37930116 0.44347608 0.23129953 0.33160377 0.105578616 0.49053818 -0.013418625 0.06892854 0.3744454 -0.28866547 0.020638468 0.22498155 0.09708724 0.19505878 0.16204967 -0.073152736 -0.30430576 -0.5101891 0.6091948 0.15146297 0.08080046 -0.34854797 0.27010244 -0.3376476 0.39225268 0.26248714 -0.1642597 -0.5948824
mdtoacreedor 0.12962858 -0.2245917 0.3882501 0.43288416 0.25281024 0.3442582 0.12473452 0.4912844 -0.009233655 0.054808047 0.37714994 -0.29876107 0.026888639 0.22271584 0.12259897 0.20709276 0.1538816 -0.052146465 -0.29369906 -0.5406349 0.6365555 0.13715911 0.07620648 -0.36069065 0.25337845 -0.32568297 0.39661676 0.2628864 -0.15451287 -0.5831994
limitadanumero 0.1600013 -0.23458797 0.40582028 0.45488557 0.23974505 0.34276795 0.13107689 0.51246256 -0.030075213 0.048419688 0.36081874 -0.30873704 0.023082674 0.23034585 0.09968445 0.18878004 0.1632474 -0.057431128 -0.30213216 -0.53081775 0.6550424 0.155206 0.09720665 -0.38522723 0.26137608 -0.36160046 0.4061638 0.2831732 -0.1616669 -0.6159102
fiduciariaautor 0.12106772 -0.1798864 0.31482455 0.39295167 0.20031932 0.29205295 0.11121772 0.40473434 -0.02097252 0.04297622 0.30702865 -0.27798948 0.0046279514 0.17782304 0.09877572 0.18150587 0.14610317 -0.06786457 -0.2730046 -0.44964442 0.53401905 0.13154083 0.08425899 -0.33425653 0.20613867 -0.2939344 0.34727874 0.22195542 -0.15672976 -0.5125691
recursos 0.15005681 -0.2330017 0.3723375 0.4614117 0.26077804 0.31997347 0.11888873 0.49211815 -0.027733883 0.07111393 0.37042174 -0.31576386 0.018871117 0.23055871 0.12134802 0.1887775 0.16074276 -0.0678959 -0.31887433 -0.5426507 0.64662534 0.16933581 0.10113618 -0.37134045 0.24531937 -0.3483227 0.39733797 0.28798532 -0.17500454 -0.5916723
inde 0.14395197 -0.20278698 0.34996134 0.39498636 0.20283404 0.27976274 0.09957837 0.43062276 -0.022065189 0.05415836 0.31806484 -0.28445512 -0.0021759432 0.21782537 0.10406884 0.17629358 0.14398499 -0.05124265 -0.2896947 -0.4851797 0.5770484 0.15173319 0.09602963 -0.33928484 0.22738394 -0.30991542 0.36653695 0.24248396 -0.13296542 -0.5403168
cambio 0.12247473 -0.17006615 0.2960469 0.35368142 0.20892112 0.253586 0.09554016 0.38138846 -0.0292879 0.03954785 0.30701122 -0.2562464 0.01259477 0.18974084 0.07986024 0.16920277 0.11168946 -0.0665008 -0.25910452 -0.42296815 0.5112526 0.110272385 0.064463206 -0.3033772 0.2181707 -0.26589933 0.31723934 0.2061364 -0.116594136 -0.48287815
senores 0.15499657 -0.22627883 0.39738855 0.43766347 0.23767248 0.33103475 0.112872995 0.5064502 -0.022116348 0.062849835 0.3557438 -0.309023 0.009555219 0.245079 0.11029047 0.20245425 0.1478082 -0.06314455 -0.30659848 -0.5365845 0.6503483 0.14249042 0.0837524 -0.37642547 0.2534131 -0.33895126 0.3938862 0.27005416 -0.17410193 -0.6092906
momento 0.1487726 -0.23046023 0.39244914 0.49345425 0.2704844 0.32953504 0.12187081 0.52168185 -0.019493096 0.053925797 0.3707881 -0.3110288 0.017331112 0.23035996 0.13554733 0.21600114 0.16125087 -0.06860371 -0.33625782 -0.55348295 0.681443 0.16807586 0.11320836 -0.38529077 0.28485754 -0.36396918 0.40376627 0.2942573 -0.15600608 -0.63050073
tal 0.14267857 -0.21181537 0.37908363 0.45013192 0.24042058 0.33588058 0.11953188 0.5118306 -0.02221023 0.07858431 0.35623634 -0.32951686 0.011373279 0.22571208 0.11430622 0.21467172 0.17352585 -0.084751114 -0.30854988 -0.54463726 0.64846224 0.14785434 0.11087421 -0.38333935 0.2611593 -0.34638166 0.38967156 0.28984255 -0.15673405 -0.59585893
ecopetrolnombre 0.115188025 -0.18341541 0.3323595 0.4272207 0.22676742 0.30947918 0.09063638 0.4602086 -0.007243715 0.06854805 0.32905883 -0.27249402 0.021828575 0.21496652 0.09630961 0.18568255 0.15447524 -0.065584294 -0.27754268 -0.47694242 0.58522844 0.13519503 0.07532524 -0.34227434 0.23337547 -0.32418573 0.36015174 0.26393008 -0.15196621 -0.55589926
coldoc 0.1467222 -0.24181843 0.40137896 0.47104028 0.26300985 0.34411246 0.111302264 0.5320808 -0.01278709 0.05298856 0.38530162 -0.31328225 0.02613364 0.23556957 0.10571894 0.19488049 0.16244537 -0.068049684 -0.31027356 -0.56072664 0.6699033 0.1610221 0.092914395 -0.39932123 0.2758116 -0.34481767 0.44166487 0.3045432 -0.1844961 -0.64007765
colsociedad 0.15619308 -0.22337691 0.37246737 0.43483508 0.22007225 0.31566915 0.1153157 0.47184664 -0.03306453 0.047695313 0.34210637 -0.2852533 0.00067752344 0.20795445 0.113574535 0.1816868 0.14132519 -0.06805486 -0.294255 -0.49853835 0.6035768 0.15481104 0.1007722 -0.3696491 0.26661658 -0.3426754 0.39299816 0.2767951 -0.165774 -0.583551
nd 0.12971443 -0.19178966 0.31834722 0.37766692 0.1943069 0.26386884 0.10130477 0.40760076 -0.002813863 0.050740596 0.32440472 -0.27217048 -0.0030381747 0.18585892 0.09433304 0.15306012 0.14546116 -0.05177674 -0.253802 -0.4401916 0.54916793 0.14139648 0.09064515 -0.29940858 0.22550075 -0.2849993 0.348169 0.22350708 -0.14376132 -0.49027318
