183 30
rg -0.009354822 -0.32555026 0.5455871 0.12554295 0.18330106 0.2590873 0.009975417 0.532605 -0.060739707 0.047686946 0.27113867 -0.375434 -0.004683678 0.19968851 0.1867381 0.049976174 0.35164598 0.18064146 -0.23596716 -0.5739013 0.59837574 0.34476575 -0.07356019 -0.4278413 0.2353151 -0.5482024 0.46495488 -0.09159859 0.07225215 -0.735777
fiducia 0.00055969425 -0.32326126 0.5463439 0.11648691 0.22775637 0.27052784 0.005432392 0.528655 -0.028780226 0.02835267 0.31377858 -0.35170597 0.022270015 0.18446578 0.18699744 0.0377423 0.3293329 0.20224251 -0.25212258 -0.5406161 0.5953848 0.34112027 -0.10073842 -0.4277942 0.27385372 -0.501099 0.48071006 -0.050060604 0.032419275 -0.7189729
cuenta -0.020630034 -0.31042212 0.5212022 0.14614663 0.22845374 0.24516912 -0.021129727 0.52019167 -0.049093872 0.06495796 0.2660939 -0.35137117 0.010065287 0.2148175 0.19682674 0.071587116 0.33944842 0.19607267 -0.24254838 -0.5899408 0.62436694 0.32158953 -0.077034675 -0.4369373 0.26873907 -0.53470385 0.44639677 -0.0655606 0.07923463 -0.7450221
factura -0.011661587 -0.28977415 0.52366984 0.13933924 0.19384576 0.21012384 0.00018344377 0.5280807 -0.08423501 0.093663864 0.19383214 -0.38086486 -0.021773284 0.24294114 0.16858356 0.05890353 0.35608667 0.19611613 -0.27159834 -0.6004933 0.5820347 0.33333993 -0.09550531 -0.41470954 0.26522654 -0.5542506 0.41902345 -0.11168066 0.10960665 -0.7616756
acreedor -0.0010504784 -0.28335625 0.47813585 0.15555704 0.19407727 0.19152671 0.010684393 0.52516305 -0.09945556 0.12374925 0.18757808 -0.36007336 -0.029248217 0.24300526 0.17238434 0.08052522 0.3343426 0.1483486 -0.2792756 -0.5768788 0.5798452 0.34076503 -0.07946506 -0.39307296 0.23184691 -0.52881724 0.37714204 -0.09330184 0.13822463 -0.7448847
escala -0.009914487 -0.31083655 0.5264395 0.111342 0.21595955 0.24198319 0.00838123 0.50617987 -0.061321992 0.05371032 0.27161223 -0.34129927 0.0084259 0.1732722 0.18159981 0.031911995 0.3532815 0.18315344 -0.2690845 -0.56777394 0.6097169 0.31281543 -0.08726051 -0.44371706 0.25414437 -0.5526906 0.45755297 -0.096119754 0.060009398 -0.7034318
pago -0.012783412 -0.29258502 0.47727522 0.19681455 0.18579853 0.15571648 0.015101684 0.5379487 -0.1283894 0.15688053 0.14550231 -0.39255157 -0.03422431 0.2608991 0.19777524 0.096807525 0.35621178 0.18295388 -0.32322305 -0.6208781 0.6138569 0.3624369 -0.081160985 -0.4218665 0.21372241 -0.6089278 0.3365425 -0.118324414 0.1860962 -0.79703027
interno -0.023930851 -0.2863079 0.4979349 0.15681684 0.17341405 0.18275572 0.017311255 0.53365433 -0.07109779 0.11234119 0.22648877 -0.3624638 -0.013121007 0.2420244 0.1652047 0.07269268 0.35420516 0.18565413 -0.2717036 -0.5716342 0.56944203 0.35074574 -0.064190954 -0.42820206 0.23597923 -0.54124576 0.41442305 -0.11112612 0.12317953 -0.736192
garantia 0.0030931276 -0.2938318 0.49195218 0.19439003 0.1899475 0.13745454 -0.003131776 0.5407771 -0.15587601 0.21390238 0.12888967 -0.39418286 -0.026769383 0.29920158 0.17185716 0.1138493 0.38425794 0.15269622 -0.32687813 -0.63863164 0.60476327 0.3753841 -0.067820415 -0.4127223 0.25233746 -0.57684225 0.3151094 -0.13479076 0.20421585 -0.8045584
retencion -0.017127883 -0.28507155 0.49574772 0.18354605 0.19173695 0.14292926 0.026637092 0.53805095 -0.1589025 0.22140194 0.15013558 -0.35640368 -0.01992532 0.28602245 0.18489195 0.09725671 0.39500627 0.15772387 -0.31754488 -0.63338506 0.6429562 0.3627524 -0.07047185 -0.39386263 0.22551656 -0.5721003 0.31372085 -0.13323419 0.22450204 -0.7848294
solicitud -0.01835834 -0.2956556 0.4734601 0.16867876 0.19899765 0.14875892 -0.0040407255 0.5433844 -0.14164844 0.1722087 0.14058998 -0.39293578 -0.01525933 0.2761855 0.19297865 0.08908831 0.3800147 0.16287717 -0.29524344 -0.62577593 0.596463 0.35953778 -0.06344909 -0.4162536 0.22685194 -0.57617235 0.31207758 -0.13619207 0.19818623 -0.7877348
bloqueo -0.0029603294 -0.2895349 0.4838898 0.1835806 0.21101218 0.16021688 -0.0069962703 0.51450336 -0.13840681 0.14995773 0.19307521 -0.3772598 -0.015438581 0.27330053 0.19510219 0.07392706 0.3600866 0.15421672 -0.28373498 -0.6319748 0.60174143 0.36635077 -0.058239065 -0.40553716 0.25181633 -0.5899628 0.3422794 -0.11771195 0.19285731 -0.78676146
informacion 0.0010871087 -0.29389885 0.5041228 0.14027895 0.19794124 0.19702181 0.0058062025 0.51472026 -0.10196193 0.09605828 0.20840566 -0.35875326 0.0022329509 0.24363202 0.19804943 0.07569914 0.3604084 0.18554096 -0.28740236 -0.58721524 0.59793913 0.35042125 -0.09213671 -0.41398743 0.2647083 -0.52639145 0.3881035 -0.10763419 0.14533442 -0.7446335
receptor -0.011951921 -0.27461606 0.51379013 0.17183687 0.2048031 0.17517248 -0.017384361 0.53899133 -0.10633693 0.14825606 0.18911359 -0.37946153 -0.016156986 0.26399475 0.20252179 0.09834582 0.34910992 0.18181531 -0.31205934 -0.64889926 0.61841345 0.36962196 -0.09223011 -0.40278652 0.22186093 -0.6112333 0.33198676 -0.13471842 0.21178158 -0.8042282
documento -0.0062946454 -0.28050315 0.5037668 0.15673487 0.18275063 0.17736319 0.0060297577 0.55119497 -0.11319705 0.14592414 0.19185697 -0.37524068 -0.015879579 0.2693649 0.19643663 0.08774105 0.38585073 0.18541321 -0.3190874 -0.618244 0.5975981 0.36233008 -0.081395894 -0.4186906 0.22690322 -0.59962845 0.3877689 -0.1332654 0.17202343 -0.7978575
proveedor -0.022538096 -0.3000974 0.51327795 0.09578434 0.18670319 0.24838264 -0.021178657 0.50650036 -0.05350937 0.032967534 0.2374072 -0.34817097 0.0029116187 0.17562664 0.17131631 0.043675132 0.32907376 0.18021984 -0.25888953 -0.5598691 0.58297986 0.30255675 -0.090653755 -0.41916123 0.25180912 -0.50280505 0.44375092 -0.07332853 0.08724595 -0.7180198
validar -0.02801914 -0.3007265 0.48907223 0.13653892 0.18373558 0.21664868 -0.010246695 0.5162978 -0.08281961 0.0755477 0.2255146 -0.37148377 -0.017861823 0.218546 0.18114479 0.06797644 0.33795422 0.15370136 -0.2797922 -0.58115727 0.60327023 0.35260445 -0.097748324 -0.42113277 0.25005764 -0.521186 0.40773007 -0.09308621 0.12010011 -0.74639076
sea 0.009338003 -0.30815786 0.52153623 0.121288 0.20412026 0.20492855 -0.022783302 0.52277565 -0.07979008 0.07204829 0.24312243 -0.36255255 -0.0030487494 0.21332276 0.17495061 0.043433234 0.35642403 0.18705823 -0.25633776 -0.5611601 0.6057833 0.35992527 -0.08061437 -0.41200927 0.26088133 -0.5419561 0.42585406 -0.09105017 0.12044725 -0.74134773
sociedad -0.0131909 -0.30560163 0.48456177 0.17426483 0.18914068 0.15924837 0.015342153 0.51802856 -0.09678494 0.16266862 0.18061432 -0.3525715 -0.012600407 0.25197658 0.1610688 0.081799775 0.37342858 0.13999486 -0.27019998 -0.5841152 0.59426814 0.3466618 -0.075166255 -0.39852938 0.21909285 -0.5568512 0.34895658 -0.105844356 0.17937747 -0.7676262
fiduciaria -0.019592177 -0.29745203 0.49447688 0.17420495 0.2369087 0.1806662 -0.011971675 0.5456012 -0.12566568 0.13543735 0.20818123 -0.37369606 -0.005383381 0.27458194 0.20881231 0.08332419 0.37355524 0.16260599 -0.29609597 -0.6155526 0.62888473 0.34484684 -0.0887257 -0.4067784 0.26039344 -0.5972334 0.388609 -0.10363704 0.15483345 -0.7760855
tipo -0.02642731 -0.29283413 0.4922216 0.14286496 0.20753668 0.19865987 -0.0072376737 0.49614105 -0.06743113 0.0662296 0.24474403 -0.33340135 0.0024464626 0.19167306 0.18537022 0.04647408 0.35364625 0.17362502 -0.25983974 -0.5525714 0.58903235 0.34057552 -0.069653876 -0.42209882 0.23784558 -0.5147457 0.40947473 -0.08716399 0.10047887 -0.7118811
sap -0.024857556 -0.2986611 0.4961221 0.13026902 0.204644 0.23136592 0.016654046 0.48943242 -0.060924064 0.0685997 0.24019754 -0.3490635 0.005878297 0.18556532 0.17413315 0.06754581 0.334617 0.15788017 -0.24605563 -0.53895825 0.5860647 0.32740209 -0.093872905 -0.40908745 0.24080253 -0.51750875 0.41654262 -0.08241773 0.11533348 -0.71483016
presenta -0.020880964 -0.28494555 0.5169071 0.13880427 0.20820108 0.22409108 0.015686464 0.49936938 -0.063890986 0.0709553 0.24012983 -0.36494952 0.012766295 0.203581 0.16087086 0.07017695 0.3299121 0.18678677 -0.28354368 -0.57396835 0.5919932 0.345108 -0.10105938 -0.40387893 0.23635276 -0.52669066 0.42163095 -0.094454765 0.10608515 -0.71387845
empresa -0.02629451 -0.31026053 0.5160238 0.1264837 0.21795373 0.19850312 0.012874732 0.531903 -0.0631762 0.098165564 0.24152347 -0.35297698 -0.00901732 0.21463682 0.18197234 0.0447315 0.3397618 0.1736806 -0.2665041 -0.60286367 0.6106348 0.35190174 -0.07149524 -0.4311299 0.269794 -0.5539034 0.42188853 -0.104126096 0.09625714 -0.75694907
administrador -0.028950214 -0.2937913 0.51669526 0.16933814 0.18160065 0.16406722 0.019920064 0.54709655 -0.14214642 0.19237697 0.14160967 -0.3923136 -0.0061143427 0.2980693 0.19205451 0.092129864 0.40083534 0.18150838 -0.34384462 -0.6114039 0.64185685 0.36072668 -0.08118931 -0.42684335 0.25060204 -0.61076194 0.32046407 -0.146792 0.21325682 -0.8088292
adjunta -0.015476 -0.3140443 0.50335985 0.13086832 0.24664454 0.2166305 -0.012887383 0.49937558 -0.07673529 0.101974085 0.23951465 -0.34924653 -0.013438066 0.22594076 0.20557983 0.0702842 0.35711 0.17720562 -0.30163392 -0.59294397 0.6317106 0.33912542 -0.09853237 -0.4467073 0.27913132 -0.58269894 0.4104277 -0.118716165 0.11506577 -0.729184
fecha -0.017263778 -0.30106336 0.5022369 0.1891187 0.19718552 0.16975968 0.018516297 0.5430209 -0.13344365 0.20047012 0.1457871 -0.3652907 -0.005370163 0.27214897 0.20754361 0.10770331 0.37966952 0.18288437 -0.31011033 -0.6015473 0.6303028 0.3570099 -0.08962373 -0.3910943 0.24646032 -0.59573835 0.31617182 -0.13000104 0.20992072 -0.79059184
nivel -0.027709767 -0.28906992 0.51808846 0.13326527 0.18312071 0.2139385 0.0013673352 0.501521 -0.0808596 0.091129884 0.239832 -0.34449464 0.013405122 0.20738907 0.17585108 0.046589453 0.35191387 0.17575364 -0.27754173 -0.5740071 0.58007693 0.3309771 -0.084265456 -0.42526123 0.2250347 -0.5504689 0.4019398 -0.08748675 0.103845835 -0.7266415
contrato -0.010709476 -0.29473686 0.49522433 0.16348413 0.19911028 0.14693454 -0.01365939 0.5625597 -0.12000946 0.16550735 0.17595814 -0.38711247 -0.021609351 0.28901514 0.18517534 0.06716382 0.3978521 0.17773925 -0.31783432 -0.6251184 0.6205523 0.3639949 -0.06753825 -0.42394245 0.27202794 -0.5839093 0.35095063 -0.16871338 0.17645457 -0.8141918
numero -0.0013280171 -0.29979515 0.5186459 0.12305855 0.20318362 0.2166918 -0.022346683 0.5186458 -0.08553243 0.07428793 0.21766621 -0.34467784 0.0016699089 0.19595344 0.19623855 0.04977458 0.32973263 0.19606464 -0.27406752 -0.5718724 0.60115224 0.31976604 -0.097892165 -0.4328472 0.2544521 -0.54620737 0.4197728 -0.08346491 0.12135133 -0.741056
partidas 0.0051832143 -0.29882264 0.5186755 0.19785735 0.2905532 0.14485797 -0.015798027 0.52744025 -0.17067167 0.19803284 0.2090305 -0.38292542 -0.018762326 0.31742415 0.2433883 0.08280115 0.41741106 0.16750987 -0.33540902 -0.6821403 0.6881839 0.39824188 -0.112568825 -0.445457 0.2918017 -0.62056476 0.35216713 -0.16366026 0.22075677 -0.85162574
estado 0.006996775 -0.28121036 0.50110567 0.17832771 0.19310924 0.14979775 -0.016495015 0.51997715 -0.13292861 0.16244839 0.17919533 -0.3956589 -0.017612698 0.2899426 0.19501647 0.06697885 0.37780842 0.15876327 -0.31812412 -0.6110194 0.60356843 0.37512603 -0.07281256 -0.4148973 0.2544507 -0.5725956 0.31404 -0.12887529 0.20011751 -0.7865036
confirma -0.02651049 -0.3092018 0.49991578 0.110982664 0.21604405 0.21489355 -0.01107256 0.50639206 -0.054627378 0.06996626 0.22421904 -0.3598571 -0.014422158 0.20004173 0.16062623 0.038597777 0.32148308 0.15847708 -0.2652301 -0.5461508 0.5794415 0.3399564 -0.09579904 -0.4255712 0.24612966 -0.5221438 0.40242428 -0.08070593 0.08630056 -0.7109051
colombia -0.005105971 -0.29435995 0.53395647 0.10166912 0.2126048 0.24605483 -0.016275069 0.5095246 -0.043246754 0.06699979 0.25101686 -0.3609577 0.025513506 0.20241897 0.16633265 0.06591741 0.36079156 0.19061139 -0.25045475 -0.5444921 0.5968622 0.31588393 -0.073096976 -0.45115986 0.24938859 -0.54936194 0.45102188 -0.09841717 0.07763717 -0.7044871
consignada -0.00012245259 -0.29152402 0.52555025 0.1291733 0.20604675 0.22061415 -0.008405531 0.49107498 -0.057449162 0.07835586 0.24634868 -0.34304714 -0.013599655 0.18809682 0.16099347 0.03716519 0.3573464 0.19677392 -0.24719703 -0.56839615 0.5979606 0.32507572 -0.07919003 -0.4065647 0.25360578 -0.5191447 0.41589922 -0.09259698 0.07941858 -0.7141564
encuentra -0.01848403 -0.3008328 0.51355827 0.16995299 0.22226445 0.1616767 -0.0019839955 0.54320174 -0.11864454 0.17784868 0.16594534 -0.40313166 -0.016735977 0.29074028 0.19932672 0.08605396 0.35767302 0.15553422 -0.33914837 -0.64361334 0.62703085 0.36398083 -0.07570735 -0.40521997 0.24380642 -0.61043125 0.36207482 -0.11446585 0.21267211 -0.8049342
bancaria -0.020982934 -0.29446188 0.5161524 0.15364157 0.20420022 0.21243708 0.011403723 0.5173788 -0.06617152 0.08953591 0.2357513 -0.3590525 -0.0039529083 0.21019392 0.17491217 0.06782807 0.3400653 0.1773441 -0.28927183 -0.56369233 0.6129784 0.34765744 -0.08856079 -0.4274852 0.26367563 -0.56217647 0.3969491 -0.114036664 0.118137814 -0.71776336
soportes -0.013962328 -0.31125402 0.506288 0.13250121 0.23206769 0.21926802 -0.0018672466 0.50441104 -0.08997897 0.080025636 0.24375476 -0.34587327 0.0014355809 0.22731614 0.1995113 0.06476737 0.3405812 0.17537782 -0.27450463 -0.58241326 0.6042207 0.3243973 -0.09739889 -0.4553628 0.24784407 -0.5728229 0.40372452 -0.116692476 0.10266373 -0.7208905
atencion -0.003858777 -0.28737697 0.47536036 0.19014324 0.18230337 0.11956897 -4.0715597e-05 0.54060036 -0.14284755 0.18499565 0.13834196 -0.36570036 -0.038173564 0.28478262 0.172925 0.08079109 0.37362933 0.17626062 -0.3046953 -0.6241097 0.58841765 0.38040087 -0.07999055 -0.40590614 0.24788702 -0.5731283 0.3210934 -0.13900974 0.19090529 -0.7715101
applus -0.00063679373 -0.2988539 0.51075387 0.12583409 0.19324513 0.23648027 -0.016804846 0.50343657 -0.031377956 0.053434353 0.25976658 -0.348595 0.02345398 0.16650715 0.15349312 0.062246837 0.34243476 0.2131689 -0.24891007 -0.5603362 0.5983 0.2972944 -0.08279904 -0.45499352 0.26642364 -0.5451593 0.45463666 -0.081606254 0.07565988 -0.70428485
norcontrol -0.0085130045 -0.30953214 0.53149354 0.09491188 0.21579187 0.2564486 -0.015789403 0.52611 -0.04423667 0.027373636 0.26470104 -0.3402471 0.030882133 0.19192508 0.15964921 0.036833603 0.35601857 0.2116333 -0.24493682 -0.54773974 0.57813334 0.300593 -0.091437116 -0.43980092 0.24179505 -0.51333755 0.44698083 -0.086951956 0.06897468 -0.70412844
doc -0.023882406 -0.29867697 0.48828337 0.14410558 0.21206976 0.16498277 0.004935074 0.524213 -0.084023304 0.12733935 0.20263319 -0.37097928 -0.019343782 0.25309035 0.17021348 0.057691876 0.3561836 0.18176182 -0.28938085 -0.6143328 0.6041916 0.36963895 -0.08400341 -0.40909928 0.25114653 -0.5552979 0.39172274 -0.10984561 0.16385262 -0.7701952
id -0.007746875 -0.28230208 0.49989113 0.18990575 0.19698602 0.12641335 -0.0016632121 0.55148077 -0.14126618 0.17283083 0.18361475 -0.37865826 -0.020928903 0.32153043 0.19338928 0.076815784 0.37967393 0.16550083 -0.33119372 -0.6432877 0.6351947 0.37339023 -0.062703535 -0.43231276 0.2509996 -0.5780927 0.33380356 -0.16724679 0.19107158 -0.8187785
observaciones -0.016517563 -0.2752072 0.48929754 0.16581349 0.17007701 0.1165086 0.0014120477 0.55536264 -0.1405371 0.18463317 0.17300867 -0.3632684 -0.033980496 0.31138226 0.19728637 0.09465246 0.36519918 0.14633675 -0.30118674 -0.6322287 0.5847191 0.37774572 -0.0608503 -0.40494075 0.2519883 -0.56610197 0.32633922 -0.16458729 0.1781234 -0.7777657
correspondiente -0.015814051 -0.30437803 0.49473792 0.19533916 0.25508404 0.14345558 0.01397592 0.53172666 -0.14664187 0.20381963 0.18274441 -0.35753825 -0.014037376 0.29376674 0.18859026 0.081890896 0.40620697 0.17684524 -0.3503641 -0.63130784 0.68757206 0.39020467 -0.080128714 -0.4258228 0.26104364 -0.62047184 0.32283285 -0.1708476 0.20916645 -0.8353152
nos -0.0036511596 -0.3193311 0.50896245 0.20833308 0.25999662 0.14094608 0.013861948 0.5412498 -0.1806319 0.20645784 0.17817023 -0.36892802 -0.033635806 0.30087966 0.23321846 0.06961083 0.4105439 0.17554113 -0.36441025 -0.6737066 0.6949519 0.39839554 -0.09657526 -0.45746663 0.2850166 -0.632281 0.36081967 -0.14672714 0.21884936 -0.8187536
fin 0.013572207 -0.29841754 0.4952295 0.18665017 0.23070878 0.12885487 -0.014469591 0.5597612 -0.123955786 0.15454791 0.16148496 -0.3998808 -0.010544488 0.30466905 0.19532485 0.09065974 0.35926977 0.17416862 -0.33776984 -0.64393073 0.6288687 0.37758338 -0.046281032 -0.40682214 0.23211339 -0.6064384 0.31712124 -0.116597995 0.19188586 -0.81886804
nivelsociedad -0.0072187604 -0.3097607 0.51765203 0.14033286 0.21374929 0.23215039 0.008451394 0.49162328 -0.060877435 0.06011597 0.23552452 -0.3385039 0.019378403 0.21199717 0.16301718 0.05001697 0.3413207 0.16727321 -0.25694954 -0.5474514 0.5964964 0.30825564 -0.08395176 -0.44298276 0.23917095 -0.5435357 0.42436308 -0.10711187 0.07482222 -0.6934925
bloque -0.016497549 -0.27908036 0.5061356 0.109408 0.203571 0.22800048 -0.014879482 0.49145696 -0.03327416 0.035071738 0.24915515 -0.34796128 0.0022387137 0.17366229 0.18475017 0.032784466 0.3430052 0.18198554 -0.2603393 -0.54137033 0.5803071 0.31152123 -0.10358921 -0.4169252 0.25289547 -0.49634033 0.42985606 -0.0673604 0.086183615 -0.7101442
acuerdo 0.0005763378 -0.305728 0.4916209 0.15332896 0.21742724 0.18994641 -0.0007526221 0.5320768 -0.12999326 0.1510989 0.20039715 -0.37746653 -0.0008335777 0.24284641 0.19141331 0.06752276 0.38133988 0.18314227 -0.30815497 -0.60086393 0.5970172 0.3455202 -0.10750668 -0.43782812 0.25767148 -0.60277 0.34741876 -0.1455956 0.15177219 -0.7516107
ecopetroldoc -0.020303108 -0.2709494 0.5043796 0.15891601 0.19660427 0.12173568 0.013728179 0.552007 -0.123412214 0.16865115 0.17192714 -0.36732888 -0.04753951 0.28364295 0.18062513 0.10099913 0.38178083 0.15871865 -0.29485387 -0.62050796 0.6144749 0.38718343 -0.08325899 -0.40100548 0.2619816 -0.5815642 0.34054196 -0.16609678 0.19413595 -0.7783232
observacion 0.0009831198 -0.28547555 0.5006312 0.17758653 0.19451146 0.1911069 -0.0012136196 0.5154329 -0.08825311 0.12365505 0.21136932 -0.37999344 -0.0035792734 0.2489345 0.1870678 0.090910286 0.3564422 0.15479204 -0.2900364 -0.6048174 0.604832 0.363256 -0.08776214 -0.3993289 0.23966733 -0.55774707 0.38633394 -0.12601727 0.172617 -0.75231075
certificado -0.009370371 -0.3032559 0.52785844 0.12530296 0.19865707 0.23422393 -0.022744456 0.5142639 -0.09125038 0.10034657 0.2476063 -0.34965837 0.019907301 0.20858122 0.19993192 0.050849635 0.36914822 0.20686725 -0.28136793 -0.58825195 0.62120706 0.34741274 -0.1056892 -0.46036428 0.26440734 -0.56448424 0.43005177 -0.122131735 0.103444934 -0.73258805
remito -0.011317024 -0.3080293 0.531171 0.15093926 0.21477488 0.23132952 -0.020134166 0.54465336 -0.082291596 0.11735631 0.21804085 -0.3752129 0.017527333 0.21733654 0.19391759 0.06750089 0.3610038 0.18890925 -0.26897377 -0.61458874 0.6188729 0.32334444 -0.09394681 -0.4602322 0.26203695 -0.5890984 0.41263288 -0.10095442 0.11909752 -0.7381701
banco -0.022413407 -0.280252 0.4941896 0.15951534 0.22382398 0.16364649 0.0032585356 0.5190034 -0.111789316 0.13771173 0.19889408 -0.34884956 -0.015365962 0.24582504 0.20893697 0.08511345 0.3587838 0.16222572 -0.2943706 -0.60582227 0.6186855 0.36465856 -0.07120873 -0.4064973 0.242097 -0.5443561 0.3778503 -0.12506074 0.1334373 -0.762719
desbloqueo -0.020287259 -0.28616494 0.5221276 0.1952692 0.18454255 0.17104091 0.0048030787 0.5657269 -0.11847612 0.14859639 0.15627742 -0.4023082 -0.027795622 0.2820826 0.20585407 0.110103816 0.3776147 0.2116582 -0.33041996 -0.6424977 0.63716173 0.37717888 -0.09406404 -0.44629753 0.2264783 -0.60486126 0.36338693 -0.13020915 0.21764754 -0.8158
contratista 0.0015539003 -0.29141867 0.49027655 0.1852978 0.2072674 0.13939647 -0.0071741617 0.53143173 -0.119287446 0.17723121 0.16738869 -0.41237515 -0.01661628 0.2766907 0.21228193 0.09326035 0.3631723 0.15776049 -0.3392828 -0.6318048 0.6550419 0.36639073 -0.069705576 -0.4025325 0.24242729 -0.6136037 0.3338732 -0.115899466 0.18852423 -0.81722826
solicitudmos -0.013120587 -0.29005617 0.4797159 0.18817474 0.17360657 0.12686339 0.0036926782 0.5429223 -0.13627237 0.17250596 0.15806134 -0.3811886 -0.042235803 0.30385184 0.18163142 0.069189705 0.3775632 0.17426778 -0.3215013 -0.62693065 0.59136444 0.3685312 -0.087686114 -0.4185146 0.2314433 -0.5726399 0.35184717 -0.15197763 0.20480384 -0.7824937
tiene -0.004440051 -0.29310405 0.51283836 0.16032021 0.21777733 0.16502368 -0.004399732 0.5217188 -0.10915903 0.16224869 0.19145331 -0.3747871 -0.0055739894 0.27274454 0.22229524 0.08801346 0.3604861 0.17545132 -0.29542834 -0.6253019 0.5880573 0.36694542 -0.07617922 -0.4119433 0.23105599 -0.601265 0.31109723 -0.13529931 0.19305049 -0.77867335
retenciones -0.023330014 -0.30946663 0.48396468 0.16374686 0.18155955 0.14944156 0.0064364304 0.5200335 -0.14351906 0.15838666 0.17457812 -0.3769008 -0.03549537 0.28840265 0.17573653 0.08696504 0.38383016 0.15645565 -0.33051145 -0.618727 0.602767 0.35045177 -0.06565511 -0.4258411 0.2312036 -0.5935275 0.33581764 -0.1553876 0.17814836 -0.8032324
asignar -0.013457033 -0.27063513 0.48441923 0.16368383 0.21567151 0.15141644 0.0016273322 0.5223762 -0.12801182 0.1686055 0.17259985 -0.35585916 -0.019786786 0.28099328 0.19556597 0.08146439 0.38212466 0.15436232 -0.29826686 -0.6267873 0.6433925 0.3651407 -0.07895711 -0.41760832 0.24795495 -0.57195574 0.33604908 -0.1505378 0.17830141 -0.796571
cira -0.025088863 -0.2759481 0.4847493 0.18540215 0.16149902 0.16507705 0.025977617 0.4784365 -0.09565319 0.15213214 0.19975728 -0.36927935 -0.034560077 0.21956651 0.1681194 0.1017379 0.3315356 0.12552239 -0.29851466 -0.5720916 0.60154235 0.35041127 -0.09615245 -0.40434447 0.2240442 -0.5387544 0.3606091 -0.122156404 0.15315722 -0.7478317
verifique 0.006465922 -0.27989784 0.48185155 0.1715175 0.18331957 0.1755144 0.018194737 0.5224333 -0.11798624 0.1400276 0.19346935 -0.36323747 -0.029945971 0.2647584 0.1676943 0.08754689 0.36011088 0.17185862 -0.2860929 -0.6028102 0.61805755 0.37267205 -0.06893925 -0.4139974 0.2595201 -0.5527166 0.35914785 -0.12464119 0.18506736 -0.7759849
solucionado -0.0035351757 -0.2692934 0.46991363 0.17144786 0.20236361 0.16407375 -0.01469336 0.5032658 -0.1041394 0.12777348 0.1855415 -0.35805428 -0.016304918 0.24574152 0.17492118 0.06791541 0.37381074 0.17404208 -0.3114723 -0.60016847 0.6095783 0.36284518 -0.09002916 -0.4039266 0.25064242 -0.5652262 0.34753424 -0.14279713 0.1824412 -0.738411
apoyo 0.0061076693 -0.31137562 0.49987182 0.19445202 0.2032228 0.1645946 0.0056330715 0.52683824 -0.12772925 0.17061797 0.18878414 -0.38417378 -0.0044933115 0.28230932 0.2063131 0.09852418 0.35775003 0.17643443 -0.31856808 -0.62446475 0.6390997 0.3615029 -0.057207704 -0.41572642 0.2414532 -0.58858997 0.36254624 -0.12765457 0.20558237 -0.7864302
informamos 0.0037241958 -0.27630955 0.48113245 0.17803611 0.19969463 0.15331472 -0.009104054 0.5468564 -0.12350051 0.1580062 0.1793715 -0.39329487 -0.03188569 0.2801537 0.1826425 0.06645153 0.36758894 0.16400154 -0.30106473 -0.6257738 0.63039213 0.34847897 -0.081174836 -0.40027732 0.24896744 -0.5883977 0.3381566 -0.1545278 0.19322449 -0.7868042
evidencia -0.0071400087 -0.28554696 0.50991917 0.15700343 0.22715823 0.18057328 -0.0040298845 0.5254209 -0.11380543 0.14790912 0.18348911 -0.3488147 -0.006824433 0.24663362 0.18393786 0.06983187 0.34135398 0.1632645 -0.28147843 -0.60282296 0.6212394 0.34169707 -0.06756982 -0.4085515 0.24921885 -0.5746306 0.35367766 -0.11552681 0.15048338 -0.7510135
bancolombia -0.015351076 -0.30860287 0.48037013 0.17368767 0.19289562 0.17457591 -0.009624021 0.5499351 -0.11216093 0.1510673 0.16996925 -0.39522588 -0.007197972 0.2794393 0.20741403 0.08739715 0.37850082 0.15998478 -0.30043238 -0.63128 0.6058772 0.3758976 -0.09192148 -0.41020712 0.24237567 -0.59132653 0.3725389 -0.107881546 0.18883903 -0.77865624
indicado -0.0064183148 -0.30175468 0.49575818 0.175077 0.22802186 0.17476612 -0.025494523 0.53281015 -0.11219888 0.14152384 0.20102942 -0.3529776 -0.0038200105 0.24850698 0.19794789 0.06778977 0.3476052 0.1750248 -0.30696562 -0.6235044 0.620423 0.35925785 -0.110189416 -0.4437829 0.25887147 -0.6019353 0.3673793 -0.12439498 0.16479589 -0.7594277
fcfp -0.027633946 -0.28069636 0.5191394 0.15421598 0.24553306 0.15386705 0.0021074705 0.5008181 -0.14740457 0.14816843 0.15438914 -0.3813209 -0.047854047 0.28592104 0.21008213 0.062173877 0.39312917 0.13795465 -0.29994068 -0.59685636 0.5935427 0.37552676 -0.097700864 -0.39058897 0.22475505 -0.6001685 0.3508219 -0.16955668 0.21185419 -0.7693903
adjunto -0.00488156 -0.2894579 0.46715826 0.18361782 0.19806036 0.14840937 -0.006351518 0.51463884 -0.1146784 0.15181492 0.1467465 -0.37005553 -0.0020639247 0.29231283 0.17723857 0.078408144 0.3517761 0.16267593 -0.29788125 -0.60162866 0.607345 0.35093698 -0.059927978 -0.41847348 0.23280999 -0.56607574 0.3359466 -0.14642878 0.19190599 -0.792546
teniendo -0.004607038 -0.26900423 0.4855675 0.18305634 0.1897006 0.14688621 0.005227993 0.5167392 -0.12904507 0.1584813 0.15738674 -0.35940024 -0.017927784 0.26756915 0.17479816 0.08594534 0.3376233 0.15072507 -0.30149022 -0.576835 0.5837688 0.3646379 -0.081410736 -0.3774527 0.22804041 -0.55744296 0.33812228 -0.14325851 0.19899084 -0.76372993
detalle -0.0018955808 -0.2919909 0.51675797 0.13107273 0.18990605 0.19989698 -0.025060555 0.51718843 -0.07612765 0.09789858 0.23089208 -0.37068722 -0.0035728759 0.23063259 0.19893846 0.05755864 0.3677001 0.20001332 -0.28682145 -0.59460664 0.5948894 0.34079063 -0.098760985 -0.41707155 0.24858706 -0.5655523 0.4189549 -0.12549618 0.14020216 -0.72283226
solicito -0.0042982255 -0.29516032 0.4758461 0.1918707 0.20546006 0.14122109 -0.016583659 0.5410423 -0.113704406 0.18008412 0.16227707 -0.36555433 -0.0099807205 0.28613874 0.18448128 0.09392888 0.36884332 0.15388623 -0.3153936 -0.64159125 0.6315267 0.35911095 -0.06353175 -0.41970035 0.24224345 -0.59893423 0.34188026 -0.14596054 0.20299391 -0.7882955
continuacion -0.023367327 -0.2922135 0.5231405 0.16744328 0.24907458 0.13717996 -0.013816111 0.5414661 -0.1452462 0.18816243 0.18461128 -0.371147 -0.015347853 0.30553243 0.19225946 0.07262116 0.38413614 0.16886887 -0.35514766 -0.66233873 0.6850795 0.3640886 -0.085318774 -0.437349 0.26122537 -0.58960694 0.36020777 -0.16697665 0.20405872 -0.826281
consorcio -0.015714845 -0.3054563 0.47562113 0.18642731 0.20606123 0.17023967 -0.0138139585 0.527227 -0.13660976 0.16814707 0.1949461 -0.38047212 -0.0026028252 0.2779818 0.16738018 0.06534378 0.36683184 0.17204171 -0.27319753 -0.60631615 0.6027186 0.37184864 -0.063182145 -0.3849717 0.23182152 -0.57675683 0.340103 -0.12380429 0.18087496 -0.7764558
drilling -0.020730162 -0.2969264 0.5227073 0.1822947 0.19240533 0.16043225 -0.0021449514 0.56964165 -0.1358343 0.1915053 0.18246745 -0.3758857 -0.02238142 0.3025699 0.17657402 0.08342639 0.408409 0.17389223 -0.3305554 -0.63537353 0.62678856 0.38287765 -0.0921793 -0.4132032 0.27714542 -0.60459894 0.35064468 -0.16986553 0.1934076 -0.8350732
mdtoacreedor -0.02731674 -0.30689842 0.511543 0.11061601 0.2166087 0.22810431 0.0014863043 0.50566417 -0.058155403 0.07558415 0.23909976 -0.3342854 0.0186536 0.20008156 0.18869631 0.0607229 0.3362518 0.20106472 -0.2458436 -0.5797127 0.5914291 0.30116513 -0.10225457 -0.41599542 0.24363108 -0.5233621 0.40029213 -0.10826143 0.11019129 -0.70464224
limitadanumero 0.00053828466 -0.30635145 0.5151206 0.11304211 0.1902649 0.22479014 0.006686011 0.5035976 -0.06748292 0.05062355 0.21941598 -0.32927036 0.015462196 0.18821244 0.15522403 0.032747023 0.33224055 0.194563 -0.2357623 -0.5364742 0.5803 0.30695075 -0.080975756 -0.4228536 0.2411409 -0.5306023 0.40488613 -0.083590776 0.093296714 -0.70485014
fiduciariaautor -0.01137746 -0.29177278 0.49698254 0.14813538 0.19125174 0.2125538 0.0015580886 0.50059426 -0.09309811 0.09054009 0.20623882 -0.37366897 -0.008913298 0.20630582 0.1859172 0.0740212 0.36412936 0.1792509 -0.28849837 -0.5839271 0.5887673 0.332775 -0.082103856 -0.44944653 0.23460649 -0.5600527 0.40065768 -0.12431914 0.10965631 -0.7438073
verificar -0.008189578 -0.25609696 0.45652044 0.15566021 0.18818456 0.15756504 0.008930368 0.46826184 -0.09557955 0.13363463 0.14860702 -0.3455219 -0.027556963 0.22135887 0.1715537 0.06404025 0.33429188 0.13895272 -0.27476373 -0.5560596 0.5664964 0.3302993 -0.07315696 -0.35595542 0.23240295 -0.53788537 0.29909733 -0.10696816 0.15994267 -0.7188777
retirar -0.0014230771 -0.27436298 0.47590965 0.1485935 0.1661145 0.12550183 0.0022116562 0.50144225 -0.13844937 0.15007566 0.1500854 -0.3437903 -0.024877287 0.29837102 0.16000536 0.09039253 0.3560305 0.15987103 -0.2749319 -0.5962578 0.5708956 0.36789066 -0.08078759 -0.38370275 0.2461178 -0.5401635 0.3110078 -0.1594681 0.18609805 -0.7598417
ahorros 0.006939791 -0.29805413 0.46931055 0.1663219 0.18082263 0.14605406 0.014693602 0.4776378 -0.091858625 0.12703834 0.17583735 -0.35165498 -0.0014883443 0.25168434 0.16006775 0.08243415 0.35538536 0.15706405 -0.2680884 -0.5749813 0.5871299 0.3483407 -0.06083658 -0.3841657 0.21943988 -0.52449757 0.3439703 -0.09123347 0.15654118 -0.73388463
inde 0.009110028 -0.28750396 0.48129842 0.16150591 0.17618835 0.13427457 0.0030040299 0.5020293 -0.1314332 0.17565294 0.13775247 -0.36565948 -0.034909397 0.28225613 0.18560174 0.082522556 0.3673728 0.17578629 -0.31904048 -0.60409164 0.6023213 0.3566013 -0.0618849 -0.3986893 0.22449602 -0.56253296 0.32259503 -0.13764426 0.1952292 -0.7655818
respuesta 0.0062214327 -0.3033004 0.47647077 0.16288643 0.19540589 0.162306 0.0008204952 0.53428596 -0.13698359 0.1722514 0.16713822 -0.381645 -0.009073157 0.25932002 0.18397883 0.08277808 0.37444875 0.15637392 -0.32363594 -0.6256076 0.62297523 0.3632781 -0.07586207 -0.42810982 0.24225645 -0.5815762 0.35266823 -0.116909295 0.18987037 -0.7741271
pantallazo -0.011628277 -0.3083845 0.51930773 0.17446034 0.25451216 0.1826766 -0.014101598 0.5278515 -0.14241277 0.13021162 0.23016967 -0.37930477 -0.0017003925 0.27876174 0.21398702 0.0645779 0.40049702 0.18472768 -0.31057462 -0.635649 0.6299545 0.35427263 -0.093458064 -0.46407905 0.28597924 -0.62145424 0.39971593 -0.12788261 0.15214644 -0.7629931
referencia -0.010666555 -0.2996197 0.5017522 0.17226349 0.20506884 0.14411885 0.021105861 0.5275316 -0.12787372 0.1954007 0.15672232 -0.36687592 -0.009800522 0.30886436 0.19655715 0.101801194 0.39964193 0.16555732 -0.2988147 -0.6147005 0.62571186 0.353821 -0.07549199 -0.4215838 0.23797064 -0.5748168 0.35214567 -0.15179892 0.19087806 -0.8164636
certificacion 0.014614514 -0.30846173 0.4862575 0.16434146 0.25613555 0.16672777 -0.010565084 0.5198831 -0.12340741 0.15672015 0.21217608 -0.38157052 -0.02630144 0.28416044 0.19540764 0.09160905 0.3809904 0.18344638 -0.30712864 -0.626157 0.6293421 0.35509267 -0.104082264 -0.43095908 0.2527492 -0.61206543 0.34642613 -0.124320105 0.17969741 -0.77496994
ciacom -0.0051673925 -0.31508046 0.5065037 0.19034922 0.22724095 0.13566287 0.006060349 0.5415585 -0.14800383 0.19376294 0.17821273 -0.3983534 -0.019367158 0.29882506 0.17836009 0.082369216 0.38336965 0.15293024 -0.32318687 -0.64940065 0.6535803 0.3941611 -0.0685498 -0.41869736 0.24456173 -0.58646625 0.3551681 -0.14111117 0.1882023 -0.8297847
ecopetrolnombre -0.024388433 -0.2660242 0.4539534 0.18666695 0.19666693 0.15844388 -0.009271707 0.5223968 -0.11379719 0.18508357 0.14560136 -0.34734052 -0.0056735305 0.2742813 0.16667771 0.089973256 0.37234193 0.15635294 -0.29011092 -0.58144933 0.5957816 0.33713588 -0.08164234 -0.3894016 0.22284938 -0.5633219 0.31429935 -0.112704135 0.17407748 -0.76968354
coldoc -0.018047621 -0.30098125 0.48828208 0.11706476 0.20120409 0.20476052 -0.016739825 0.5018747 -0.055702534 0.06100518 0.22235906 -0.3211595 0.015754271 0.19158258 0.1550276 0.03588022 0.3249872 0.18006456 -0.2356535 -0.54717326 0.56827897 0.30765307 -0.086528994 -0.41694883 0.24366666 -0.4959676 0.41559818 -0.07528631 0.08235554 -0.70553946
colsociedad 0.0076722656 -0.31018272 0.51278746 0.1280303 0.17932205 0.2070944 -0.008877744 0.50540525 -0.09373341 0.072202206 0.20781666 -0.33923033 -0.010830699 0.19845144 0.18471421 0.044800855 0.33726013 0.18806086 -0.2657482 -0.5601228 0.5773175 0.3298863 -0.076603256 -0.44045657 0.26598984 -0.5578603 0.41046953 -0.09356954 0.10645328 -0.7344809
mas 0.0024132305 -0.32114506 0.5246596 0.1784696 0.2625841 0.1385476 -0.010917937 0.53225285 -0.17574099 0.18085663 0.22237408 -0.36420208 -0.00012808784 0.29903796 0.23042414 0.074215256 0.39137328 0.1580903 -0.33744746 -0.66063046 0.6873605 0.37956852 -0.08509707 -0.4554228 0.28797647 -0.61142576 0.37240142 -0.16597773 0.20744859 -0.8333511
encuentran 0.015179745 -0.28070512 0.50122046 0.18526155 0.21518092 0.1550589 -0.012403864 0.5307099 -0.13830718 0.17458476 0.16157633 -0.38794985 -0.02149493 0.27420604 0.20334874 0.096469745 0.38211894 0.14667352 -0.3400306 -0.6172885 0.6358012 0.35249612 -0.0826838 -0.40013808 0.2387447 -0.604983 0.3377756 -0.13513696 0.2126793 -0.81457144
sistema 0.00037085652 -0.30087477 0.5285625 0.15588848 0.21020848 0.18026476 -0.018063487 0.54275835 -0.09712528 0.15588261 0.2038429 -0.36147708 -0.0032685597 0.2697209 0.20842102 0.061842743 0.36483628 0.20128796 -0.29299536 -0.6324553 0.6379006 0.34423912 -0.0904159 -0.42176515 0.24628104 -0.61230236 0.37012595 -0.14110194 0.14317416 -0.7866017
fev 0.007309426 -0.28558236 0.4949712 0.15030704 0.18533874 0.17567596 -0.013989572 0.5236705 -0.10337011 0.14538372 0.1992584 -0.36111248 -0.00018694805 0.25892758 0.16522221 0.0735023 0.34552157 0.15496932 -0.30416998 -0.6066161 0.60153407 0.33343259 -0.08271507 -0.40927958 0.24299285 -0.5676963 0.36333945 -0.12475055 0.16412085 -0.7606493
nd 0.00078762806 -0.295097 0.48054603 0.16898288 0.1771923 0.122761674 0.0051525747 0.51793015 -0.120852366 0.15840101 0.18461505 -0.38809752 -0.049908847 0.27987584 0.17996708 0.05928444 0.38665587 0.16935658 -0.29944652 -0.602106 0.6121098 0.3771546 -0.05993442 -0.38921818 0.2583344 -0.56095445 0.34219187 -0.16209735 0.18225776 -0.7611152
construcciones -0.018482916 -0.27993488 0.4877628 0.17548099 0.1837357 0.15619032 -0.0003615027 0.5140777 -0.113219306 0.14201875 0.15235484 -0.3739586 -0.0041901045 0.27359152 0.16959114 0.08916105 0.3444772 0.15620057 -0.29789796 -0.61612177 0.5889432 0.35599527 -0.09911459 -0.39827883 0.24742432 -0.5535803 0.3356433 -0.13645734 0.18932708 -0.7458844
registra 0.0088031655 -0.30212802 0.48978087 0.17881918 0.20971143 0.14390074 -0.005880275 0.51361495 -0.107608475 0.16746196 0.18731344 -0.3786037 -0.032929786 0.28350902 0.18192637 0.090702444 0.37096155 0.15974805 -0.3103432 -0.61743605 0.61250967 0.3534928 -0.06914125 -0.39631003 0.25150898 -0.5541095 0.32570022 -0.14120679 0.19332685 -0.7676713
identifica -0.01552998 -0.28682002 0.45137668 0.14656992 0.17390284 0.140596 6.639047e-05 0.4939544 -0.11458439 0.123272754 0.18981266 -0.33657727 -0.010660221 0.24217728 0.17523588 0.07207383 0.32703295 0.15106489 -0.26210746 -0.54611206 0.537336 0.34442788 -0.08394977 -0.37126365 0.22615626 -0.5312254 0.33128384 -0.097730555 0.16411573 -0.72526824
compensacion -0.024213504 -0.30044714 0.5026548 0.14751147 0.20854557 0.18517298 -0.008803102 0.5365723 -0.09429155 0.13340648 0.19952504 -0.35316032 -0.0104966955 0.23302983 0.19851743 0.05316265 0.34883007 0.16235434 -0.27280718 -0.5867356 0.60541695 0.34418896 -0.07298242 -0.41474694 0.23291196 -0.56812704 0.37096387 -0.11343843 0.1454693 -0.76408386
base -0.009074219 -0.2671267 0.47636044 0.18782689 0.17722014 0.16015308 0.032996677 0.54157156 -0.15303417 0.22714485 0.11992993 -0.34475383 -0.034232896 0.26997828 0.18000118 0.10948161 0.3988475 0.17048892 -0.33574644 -0.5843933 0.5935046 0.3467172 -0.08147936 -0.38175943 0.22231944 -0.5782217 0.29693273 -0.14567728 0.19565146 -0.79280525
desbloquear -0.012224137 -0.27482957 0.5168554 0.16949217 0.2071125 0.1421641 0.025589125 0.5577234 -0.14027622 0.22241515 0.10827009 -0.3761815 -0.01101341 0.2903918 0.17210011 0.106931575 0.39007667 0.19376978 -0.32182175 -0.6192018 0.6301344 0.3386985 -0.084917575 -0.4207495 0.24874255 -0.60150075 0.31758392 -0.15096375 0.18600596 -0.8002901
aun 0.014742983 -0.29550007 0.4923064 0.17970209 0.22860418 0.13946988 -0.0018291158 0.52483904 -0.10938088 0.17476764 0.18156749 -0.3900792 -0.009843321 0.29015726 0.19305839 0.07208983 0.34947556 0.16943164 -0.3312099 -0.6342362 0.62964314 0.356255 -0.07020032 -0.41206065 0.25787508 -0.5925204 0.34693787 -0.12056368 0.17826402 -0.79245114
cambio -0.00048991846 -0.28336596 0.4792141 0.1580093 0.21255329 0.14069255 -0.00028761305 0.5104218 -0.14096291 0.14474306 0.1851174 -0.38263774 -0.016361604 0.27890402 0.1770079 0.090099625 0.3518504 0.15544243 -0.32109568 -0.61270255 0.61236346 0.34483477 -0.08934515 -0.41673255 0.25306886 -0.5657939 0.3378968 -0.15269871 0.20392972 -0.7868463
nabors -0.00881726 -0.28343427 0.5033423 0.16462177 0.20059197 0.12579083 0.004509261 0.5428464 -0.14491843 0.16476984 0.15818645 -0.38507658 -0.020748992 0.30844533 0.17829968 0.07593658 0.3737717 0.18419328 -0.31159118 -0.6344731 0.6047916 0.38941717 -0.076634355 -0.42442563 0.24288139 -0.57202566 0.34830987 -0.17486016 0.21076192 -0.7908377
recursos -0.0063442667 -0.33391845 0.51709765 0.20482485 0.2848139 0.12839131 0.00096852187 0.55232793 -0.1772468 0.20435208 0.20083188 -0.39662537 -0.0069818343 0.31580067 0.23312011 0.058477595 0.42321932 0.17819236 -0.37488446 -0.7095722 0.7220712 0.41897327 -0.09303769 -0.45914668 0.264258 -0.6442559 0.36111745 -0.15452354 0.204961 -0.8647474
remite -0.021047246 -0.30094668 0.5095526 0.18486235 0.25962344 0.18380484 -0.008156548 0.5310458 -0.15411313 0.1731111 0.22545137 -0.36506417 -0.036700267 0.2754545 0.21151881 0.08248983 0.39120293 0.17962196 -0.3078769 -0.6292175 0.6282454 0.3704392 -0.11503657 -0.43641576 0.27516335 -0.6208354 0.38169345 -0.14138749 0.19312677 -0.7840445
mdtonumero 0.0040905266 -0.29830438 0.50513065 0.1310051 0.17526293 0.19891834 -0.0217536 0.48604593 -0.07765973 0.07618494 0.2034012 -0.35635808 -0.00082259567 0.22894026 0.1798238 0.071848445 0.32528615 0.18956159 -0.26364192 -0.571587 0.5661848 0.33541793 -0.09754489 -0.41318157 0.25100178 -0.52362674 0.40161955 -0.10509289 0.11126612 -0.7033395
rete -0.0050443118 -0.27713132 0.47651362 0.14761437 0.18399258 0.14023486 0.0020688688 0.49163294 -0.12894337 0.15557948 0.1524339 -0.35153383 -0.0054013687 0.26411584 0.1991226 0.063549496 0.3281933 0.15832944 -0.30804434 -0.5784487 0.5828929 0.34519732 -0.09146973 -0.3991398 0.22855766 -0.5439089 0.3200868 -0.114580594 0.18330319 -0.7371031
modificado 0.0039013573 -0.31073588 0.4963588 0.16075481 0.21465127 0.1812435 -0.0011970778 0.52676415 -0.09880077 0.11901674 0.18556333 -0.3899767 -0.02212803 0.24605513 0.19603692 0.07058008 0.3519397 0.19982605 -0.306156 -0.59965235 0.6249159 0.350157 -0.08539713 -0.4147179 0.25206333 -0.57065547 0.39768276 -0.11235545 0.17081493 -0.7697443
fondo_abierto -0.022310717 -0.3019259 0.50612247 0.15606146 0.22391388 0.1637739 -0.013517469 0.513188 -0.10491441 0.16124894 0.20783101 -0.34749472 -0.017744798 0.24270622 0.19908783 0.063491344 0.37618777 0.18022259 -0.3006046 -0.6156428 0.58674663 0.34810755 -0.0883492 -0.41019183 0.23218834 -0.57135195 0.3436429 -0.139554 0.16081138 -0.77666515
contabilizacion -0.0023576333 -0.27855608 0.4755794 0.16953687 0.21030363 0.1426444 -0.007685154 0.5065504 -0.11484975 0.16866468 0.13175757 -0.3722424 -0.0030021153 0.2808851 0.18074141 0.0964335 0.37355515 0.18133835 -0.2899218 -0.59607774 0.5836192 0.3412276 -0.06479577 -0.39026013 0.22123046 -0.5500653 0.3174833 -0.15159963 0.19036005 -0.7671826
requerimiento -0.025745975 -0.304201 0.49416187 0.16197531 0.20634125 0.15002999 -0.0064155413 0.51384026 -0.11457 0.15501289 0.18900052 -0.3437363 -0.02334753 0.25770822 0.17547706 0.083610654 0.36803067 0.1597019 -0.28132513 -0.60637194 0.593712 0.35959727 -0.08705153 -0.40986603 0.25248757 -0.5549175 0.35819027 -0.122116156 0.1502329 -0.7646096
dado 0.008829306 -0.277401 0.50417703 0.19293238 0.20570666 0.16701671 0.015612001 0.54405314 -0.14340563 0.19028705 0.14390539 -0.3572625 -0.0063398653 0.27947357 0.17837822 0.08412486 0.39727217 0.16137849 -0.31891423 -0.61390823 0.6365345 0.36997503 -0.074976265 -0.41796464 0.24279004 -0.58437604 0.3284144 -0.15474302 0.1916761 -0.8009704
colombiana -0.019499384 -0.29280472 0.51183087 0.18264179 0.19469109 0.17054243 -0.008387122 0.52775735 -0.11755596 0.11910515 0.1893949 -0.4072021 -0.022287786 0.2688025 0.20466097 0.085507974 0.35602552 0.2040941 -0.31280977 -0.6044463 0.6041411 0.37347716 -0.09955931 -0.42837262 0.22438285 -0.59619 0.35515633 -0.12662883 0.20307267 -0.8036968
vinculada -0.02422084 -0.29364684 0.48225328 0.17609994 0.17890492 0.14493385 -0.011472354 0.5381068 -0.103507906 0.17370714 0.15873045 -0.35598674 -0.015409529 0.25021726 0.2085493 0.09481904 0.36184773 0.16506016 -0.3062588 -0.6323756 0.5914247 0.33984837 -0.08464097 -0.39891195 0.2245233 -0.5773026 0.33212814 -0.12216298 0.20289573 -0.769813
manera -0.016554896 -0.29574433 0.49472344 0.18448508 0.21653718 0.15461293 -0.0019068852 0.5367711 -0.116438344 0.14679705 0.1639387 -0.38956094 -0.005264636 0.2816534 0.19283813 0.098216824 0.3490495 0.17580324 -0.31714937 -0.5996226 0.63226867 0.37341404 -0.05902275 -0.41678405 0.25810662 -0.5847102 0.32612458 -0.11278724 0.20919667 -0.7775057
sin 0.007403074 -0.29086068 0.50959647 0.17095335 0.23024389 0.15251246 -0.013935225 0.52605444 -0.10973523 0.15487127 0.18749286 -0.38174286 -0.009425165 0.27775168 0.21666107 0.07817519 0.34850243 0.18648888 -0.29105607 -0.628045 0.58972424 0.3726946 -0.076929465 -0.42854822 0.24759091 -0.60363567 0.34022367 -0.1312755 0.19231838 -0.7954812
contabilizada -0.017892357 -0.2927209 0.48258084 0.15989426 0.19490947 0.17357963 0.0025236327 0.51362085 -0.096171916 0.1665919 0.17184778 -0.35189682 -0.016499763 0.24833135 0.197694 0.07602057 0.33217782 0.1772321 -0.28114402 -0.5902736 0.58297604 0.35685486 -0.09583022 -0.3841576 0.23260738 -0.56526905 0.34842116 -0.14362745 0.18695 -0.7385641
electronico -0.010086338 -0.26298398 0.46255437 0.14756842 0.18581119 0.14950666 -0.0050952723 0.48913875 -0.13131729 0.1610853 0.15346807 -0.35837397 -0.0080572795 0.24971011 0.1701026 0.06486184 0.36064556 0.15258074 -0.30455408 -0.6031795 0.6030127 0.34321082 -0.06787212 -0.39852926 0.21496698 -0.56797314 0.348827 -0.13373022 0.1682836 -0.74851835
realizar 0.015423404 -0.3017189 0.50776327 0.18358798 0.23041761 0.1577124 -0.0027773087 0.54988927 -0.11819314 0.15686972 0.16041838 -0.4044625 -0.0014344265 0.30772877 0.2132724 0.07926765 0.3657299 0.1831309 -0.3416715 -0.6544496 0.6534189 0.37069777 -0.057865225 -0.42409825 0.26956534 -0.60136825 0.36048084 -0.12989922 0.20917584 -0.8121248
funcionaria -0.02596784 -0.27756613 0.47414652 0.13391666 0.21129268 0.18799806 0.009999772 0.4741453 -0.07734324 0.09456272 0.21388234 -0.34433672 -0.012377514 0.22425282 0.18910448 0.048465 0.32873157 0.15255259 -0.27302873 -0.53409076 0.5584536 0.3346335 -0.0694201 -0.3989297 0.23249796 -0.50317615 0.37724453 -0.11028389 0.10733985 -0.6885615
senores 0.0059445114 -0.28469113 0.4839756 0.15553021 0.18691288 0.14359134 0.002555572 0.5212676 -0.12939252 0.17927317 0.13091129 -0.3553771 -0.02194352 0.28679037 0.17619409 0.087350726 0.35035664 0.16698125 -0.30092537 -0.5939388 0.6067676 0.3268886 -0.082238786 -0.39112994 0.22395839 -0.5492832 0.3033277 -0.13940135 0.17212377 -0.7686922
tal -0.008348108 -0.28135428 0.47348702 0.16601959 0.20034847 0.1491945 -0.005787554 0.53619707 -0.12633617 0.17409462 0.14997683 -0.39369985 -0.017134653 0.2675088 0.19108766 0.09694398 0.37349433 0.14757133 -0.3059396 -0.624496 0.61824036 0.348664 -0.05496793 -0.4111685 0.24116954 -0.57645935 0.3142599 -0.11584071 0.20426473 -0.7715237
relaciono 0.0046826196 -0.28760308 0.5153925 0.19681266 0.22227861 0.13687675 -0.011666256 0.5511647 -0.144971 0.18109639 0.18373118 -0.39530435 -0.0018906045 0.29976225 0.20619953 0.08001227 0.36106074 0.1575318 -0.33340716 -0.65838325 0.63311124 0.37616992 -0.073273346 -0.41136217 0.25539923 -0.6223162 0.337751 -0.14479773 0.21954449 -0.79943484
cuando -0.005389027 -0.2715031 0.52204883 0.19230174 0.20344524 0.15750945 0.02005642 0.53617746 -0.1398679 0.22251229 0.11096296 -0.39013183 -0.010613477 0.30497795 0.17422406 0.09312485 0.4061244 0.1720561 -0.35105976 -0.6169174 0.640021 0.35537416 -0.07419365 -0.41570047 0.24309912 -0.5910373 0.33409885 -0.15941395 0.19376533 -0.8022747
tienen 0.013772143 -0.29792613 0.5072424 0.1997538 0.29124847 0.14752896 0.0033962075 0.5293686 -0.17085677 0.17405564 0.22451964 -0.36796102 -0.018402286 0.3123792 0.24373858 0.075773016 0.4131846 0.16394171 -0.3555362 -0.69690377 0.67795694 0.38641053 -0.11293315 -0.45232308 0.30094615 -0.6453375 0.3597872 -0.15310924 0.22701353 -0.8468332
generar -0.025532966 -0.3292923 0.5432729 0.20554222 0.25831723 0.14277954 0.013875722 0.5554253 -0.1731525 0.1887539 0.21759823 -0.37458098 -0.007895722 0.30258656 0.2359572 0.08838654 0.44068158 0.18113182 -0.3650541 -0.7091791 0.73593616 0.4073592 -0.09574738 -0.47360766 0.26405385 -0.63106227 0.3820709 -0.15750577 0.19793722 -0.85971934
permite -0.012371936 -0.28793776 0.5267446 0.1828029 0.19500215 0.15203854 0.020146381 0.565222 -0.13026488 0.20623402 0.13934298 -0.37611946 -0.02854492 0.285648 0.18184438 0.098611504 0.40110645 0.19278826 -0.33438587 -0.6440071 0.6424205 0.3593776 -0.07376838 -0.40893474 0.23930922 -0.60739034 0.3445225 -0.15795231 0.19461858 -0.83105356
control 0.00045991546 -0.28944576 0.48887315 0.18022268 0.18844552 0.14650537 0.007131839 0.52245134 -0.13658407 0.14840917 0.17602013 -0.36843437 -0.04522546 0.29763398 0.16169037 0.061235998 0.38201278 0.16457629 -0.31461447 -0.6054338 0.59872144 0.36256954 -0.06978571 -0.39088997 0.23377527 -0.5814965 0.33502123 -0.16828446 0.17147931 -0.76541895
patrimonios_autonomos -0.023918856 -0.27587602 0.46183062 0.13607876 0.18073268 0.15389274 0.00607557 0.4734867 -0.100370675 0.11784849 0.19948064 -0.34348398 -3.7911843e-05 0.23108967 0.16678162 0.051131744 0.3417822 0.16505025 -0.26372358 -0.5485326 0.5624511 0.3395402 -0.08442408 -0.36440134 0.220687 -0.512697 0.3499996 -0.11504227 0.15907921 -0.70168203
contabilizar 0.004644983 -0.2808105 0.44548216 0.1679261 0.17465807 0.15529153 0.0074818274 0.5078453 -0.12018746 0.16756381 0.1659395 -0.3571728 -0.006660262 0.25766522 0.16314492 0.07065897 0.3363516 0.16045922 -0.27780518 -0.5547761 0.5815755 0.3317741 -0.07828353 -0.37522703 0.2256604 -0.5481867 0.33662412 -0.13311242 0.15806882 -0.7266099
consulta 0.0002648516 -0.29405946 0.47378668 0.16146319 0.20576276 0.16647246 0.00785192 0.50672793 -0.11606875 0.13190335 0.16142714 -0.34183532 -0.029016256 0.26366076 0.18990457 0.08896816 0.3394366 0.16289249 -0.3018042 -0.5754343 0.6045053 0.3465792 -0.09034922 -0.3844637 0.21718523 -0.5635786 0.33900982 -0.12226146 0.1672661 -0.7455686
sus -0.003040917 -0.29774475 0.48841125 0.1553694 0.19440974 0.15655689 -0.009653707 0.50441176 -0.13901754 0.14913248 0.15706183 -0.3821975 -0.032114837 0.2838091 0.18919264 0.097495556 0.3740276 0.15279105 -0.32147378 -0.5961718 0.59862167 0.3447502 -0.071759924 -0.40598354 0.24714063 -0.57137084 0.33173478 -0.1336486 0.1861965 -0.78115326
fueron -0.022025116 -0.30851823 0.53212506 0.18668525 0.29570264 0.14598778 -0.011125038 0.57497835 -0.16398366 0.20422104 0.2027329 -0.3854591 -0.017647406 0.33157453 0.22636005 0.07577148 0.41925 0.17560712 -0.3937544 -0.70124894 0.72669363 0.42731044 -0.09161232 -0.48721433 0.2966603 -0.6694387 0.38827795 -0.18421508 0.22937047 -0.8826439
asignacion -0.0264177 -0.261122 0.48141646 0.17199625 0.18834881 0.15067253 -0.01669515 0.49684379 -0.08762579 0.11939542 0.15120716 -0.37922648 -0.033608202 0.24954413 0.1987625 0.06690373 0.3603269 0.17199087 -0.29155886 -0.5813719 0.56030464 0.33115837 -0.08251448 -0.3975302 0.20575356 -0.5745587 0.340359 -0.13686185 0.19173189 -0.7723881
retegarantia -0.029909289 -0.27916828 0.4798543 0.16778931 0.18325801 0.16121407 0.009642462 0.5269036 -0.11843318 0.16789299 0.16633928 -0.37099767 -0.007403115 0.2530575 0.18130298 0.08074446 0.3443939 0.14794302 -0.31137997 -0.60910845 0.61814004 0.3550072 -0.09138449 -0.40317485 0.23677936 -0.57655644 0.35062978 -0.124152176 0.19480623 -0.7728688
momento -0.0037469228 -0.31088307 0.5036486 0.20929362 0.23688546 0.13072297 -0.009643794 0.5614777 -0.13884173 0.16534965 0.15640838 -0.39222458 -0.018048888 0.28966257 0.22192752 0.09543833 0.3827673 0.17582451 -0.34841642 -0.65397817 0.6699096 0.38939595 -0.057808287 -0.4232788 0.27718976 -0.62013817 0.32842863 -0.13943757 0.23122561 -0.8363887
enviado -0.018746493 -0.3002577 0.5503717 0.18684737 0.21185663 0.17327935 -0.0011915296 0.5570947 -0.11034483 0.14054114 0.18295422 -0.38994074 -0.01654717 0.26606184 0.20279469 0.098638415 0.40691727 0.21996893 -0.31113434 -0.6681469 0.6472361 0.39166874 -0.08422625 -0.4714036 0.28262398 -0.64777994 0.40078688 -0.13287036 0.19812292 -0.84432304
partida -0.007918515 -0.31299692 0.487704 0.16295265 0.20486224 0.1674211 -0.017679395 0.5263536 -0.12620595 0.15836897 0.15995884 -0.3737568 -0.012429652 0.27484035 0.20431712 0.08250795 0.3633829 0.18802054 -0.31604204 -0.6480529 0.64307386 0.378436 -0.0805652 -0.4125992 0.25511596 -0.57694626 0.345669 -0.14748302 0.19063775 -0.8081765
alerta -0.010189658 -0.27819338 0.51868606 0.17262475 0.19516206 0.15916102 0.029707175 0.56836843 -0.15307513 0.234102 0.12082021 -0.384457 -0.012353958 0.27628693 0.19043747 0.10811297 0.39223465 0.18062268 -0.3499543 -0.614989 0.63867205 0.34099308 -0.07347532 -0.39476743 0.25826478 -0.59682065 0.32696652 -0.14780799 0.19704357 -0.815723
ecopetrolnumero -0.02224334 -0.2759052 0.46447918 0.1267384 0.18127565 0.17471622 -0.024564682 0.4939432 -0.097284935 0.081008054 0.19737332 -0.32949412 -0.0041316883 0.20456515 0.15437745 0.058533065 0.31664813 0.1899351 -0.2516747 -0.5497455 0.5462053 0.31564328 -0.07290338 -0.41279474 0.23622729 -0.50955147 0.36387354 -0.11072197 0.13491131 -0.69379413
liberacion -0.014786972 -0.28582335 0.46669218 0.1500935 0.21137865 0.14919753 -0.016847115 0.5065848 -0.102942966 0.1453128 0.1806078 -0.35682198 -0.0142791 0.26499462 0.18747899 0.06912238 0.3595032 0.17433774 -0.3061988 -0.5809781 0.5951121 0.34336722 -0.07812867 -0.41643563 0.23708905 -0.5665241 0.32344228 -0.13915941 0.15994485 -0.759171
ndsociedad -0.026641719 -0.2767437 0.49418813 0.17948063 0.18855494 0.15027393 0.00304899 0.54096997 -0.1464177 0.15846159 0.16813762 -0.37523267 -0.042635713 0.2985214 0.1878008 0.070585035 0.38401636 0.1814373 -0.3036804 -0.5876242 0.58791995 0.36595333 -0.075304836 -0.41592336 0.26095572 -0.54904515 0.33772126 -0.15756562 0.1874542 -0.76134086
aplicaron 0.0028514888 -0.2839243 0.4824216 0.17781694 0.20509054 0.12645426 -0.013790495 0.5242325 -0.14860474 0.1785876 0.15883033 -0.38559008 -0.049295794 0.2641324 0.1893815 0.08418902 0.36697906 0.15445757 -0.2884836 -0.60103 0.590225 0.35790563 -0.068780825 -0.41078 0.2546456 -0.5528361 0.35242695 -0.14216185 0.2057318 -0.7692873
datos -0.02251429 -0.2646688 0.4579784 0.14566056 0.19184425 0.15145795 0.012175162 0.48930466 -0.09705551 0.13559929 0.16949102 -0.36615577 -0.005426189 0.25811854 0.18889004 0.07055429 0.3597342 0.17484356 -0.27663177 -0.58004695 0.5777982 0.3564546 -0.06916551 -0.40833342 0.22681157 -0.5350175 0.3405685 -0.10325542 0.14963326 -0.7423132
precedente -0.009068905 -0.29230276 0.47042534 0.16318826 0.2439446 0.148617 -0.0013776815 0.49170867 -0.11265484 0.1329728 0.20987324 -0.36248276 -0.018363003 0.24176995 0.2160476 0.07276675 0.3719684 0.17786317 -0.27964023 -0.59029216 0.5924475 0.3291316 -0.100118496 -0.41232485 0.27246988 -0.5757386 0.34361523 -0.14588223 0.17654563 -0.71709806
creacion 0.010431563 -0.3065639 0.49843565 0.18101563 0.24900594 0.14120278 0.00054842123 0.51176894 -0.12837985 0.16230667 0.19347766 -0.3657335 -0.03154889 0.2879288 0.20053428 0.069853775 0.3634566 0.18033354 -0.30496308 -0.6008535 0.6139389 0.34980854 -0.08314295 -0.42570677 0.281164 -0.5734371 0.3601343 -0.14096905 0.17708401 -0.77041465
ingecontrol -0.0043415343 -0.2716443 0.46942353 0.121771425 0.22067808 0.18249369 0.014127921 0.48296434 -0.08158008 0.11742151 0.21863052 -0.34089795 -0.009805696 0.21019556 0.19422115 0.043678086 0.34472296 0.16110669 -0.27103114 -0.5604249 0.6037554 0.33154812 -0.095002346 -0.3905497 0.25191605 -0.5229253 0.3790644 -0.09317741 0.11334074 -0.72108394
liberar -0.019595018 -0.27319798 0.45493317 0.14873819 0.20906398 0.14679658 0.013778619 0.5104452 -0.12066828 0.13766436 0.16753608 -0.35439768 -0.007075255 0.27572396 0.1688271 0.061703086 0.35852385 0.14625911 -0.2743304 -0.5640768 0.58747387 0.3568983 -0.07108934 -0.39163038 0.2170304 -0.5302702 0.3124937 -0.115855575 0.18397942 -0.74079674
validacion -0.0074238917 -0.2683567 0.44922444 0.14477581 0.17132472 0.13472724 -0.00650474 0.45642075 -0.10312894 0.15272824 0.17767215 -0.3259628 -0.013509927 0.24703914 0.17266335 0.081280984 0.3167573 0.16430506 -0.26275724 -0.5625387 0.55959105 0.33435693 -0.060807846 -0.37589225 0.23140085 -0.51351947 0.30959696 -0.115004934 0.17307651 -0.69392866
colocando -0.00888446 -0.28262997 0.4619862 0.1767131 0.18445763 0.13235569 -0.011369502 0.51876885 -0.112862475 0.15955025 0.14767912 -0.34907126 -0.0021355178 0.2529905 0.18545143 0.0838868 0.32984298 0.1732872 -0.30835265 -0.61675024 0.5805889 0.35553116 -0.09260373 -0.39451337 0.21788241 -0.5523651 0.34768066 -0.10860723 0.17711191 -0.7547168
quedo -0.012036004 -0.27754542 0.48548487 0.15399759 0.18446045 0.15428701 -0.010833163 0.486655 -0.10536223 0.14070015 0.17104918 -0.3539605 -0.02587409 0.23756404 0.1721285 0.07846642 0.32825795 0.15050805 -0.2699774 -0.5811277 0.59840894 0.33362988 -0.08975141 -0.395625 0.22668391 -0.54108953 0.33058935 -0.11355915 0.17215207 -0.74417615
pendientes -0.011711992 -0.3061491 0.47592583 0.1660339 0.21483544 0.1626494 -0.00044377573 0.5300745 -0.13846686 0.15242837 0.19017489 -0.37361133 -0.011433124 0.2682609 0.19841786 0.08097965 0.34676355 0.1687027 -0.31122237 -0.6059396 0.6197768 0.36460578 -0.08865004 -0.40434283 0.26327565 -0.58242506 0.36276317 -0.1450969 0.19809005 -0.75434816
persona -0.018782828 -0.28657857 0.4680725 0.17174992 0.18968116 0.15875842 0.009069936 0.49723804 -0.11393024 0.14480953 0.17441931 -0.34075272 -0.027333748 0.23344035 0.18133602 0.091475606 0.3428134 0.16842723 -0.28367692 -0.5754851 0.5630033 0.31803104 -0.06358963 -0.37955406 0.20736767 -0.5259665 0.3037499 -0.1318435 0.16479224 -0.70874184
seguimiento 0.0066278493 -0.28816465 0.46433756 0.1679232 0.20089468 0.17062698 -0.0054913093 0.5016873 -0.09527418 0.16418438 0.18189567 -0.33391228 -0.026309857 0.2617768 0.17489319 0.08582469 0.34126773 0.18064424 -0.30720964 -0.58776283 0.6036042 0.3332786 -0.09078341 -0.38823116 0.22426987 -0.5505949 0.32965553 -0.12572894 0.1544426 -0.7428504
occidente -0.011753092 -0.29659325 0.45411485 0.17987289 0.19617105 0.14028887 -0.00987983 0.5028288 -0.12039744 0.15755366 0.18578158 -0.35183635 -0.017192246 0.25904498 0.1998309 0.08258157 0.36587498 0.16737923 -0.29442707 -0.5780036 0.58630466 0.34620094 -0.0938072 -0.39191008 0.22921693 -0.5488021 0.3231558 -0.13380237 0.1740352 -0.7487239
codigo -0.0042250464 -0.2944673 0.4671378 0.1573682 0.18169205 0.15508892 -0.0019029495 0.51313055 -0.12730327 0.14936775 0.16539468 -0.36463693 -0.009204468 0.28095233 0.18240848 0.088254124 0.37455794 0.15000135 -0.31486621 -0.60492045 0.6121564 0.35404748 -0.07382604 -0.41221222 0.22830226 -0.5594988 0.325479 -0.15346986 0.18024608 -0.75637263
radicado -0.018585881 -0.25318828 0.45779392 0.13763592 0.19417399 0.13411435 -0.012726627 0.4574469 -0.117175475 0.118851624 0.18416005 -0.32618487 -0.013713441 0.23809789 0.17711784 0.06007137 0.34016755 0.1448827 -0.26557907 -0.5554143 0.5673481 0.31954178 -0.055064254 -0.37122548 0.22322808 -0.5206525 0.32827294 -0.12535839 0.17309788 -0.7150698
envia -0.006571615 -0.2903342 0.4749083 0.16547133 0.20395553 0.13995816 0.004612192 0.48734176 -0.12719056 0.14576438 0.1864007 -0.35010874 -0.029249804 0.24364434 0.18802531 0.05821718 0.33644855 0.1531274 -0.29937834 -0.58169323 0.6029414 0.3527843 -0.083296396 -0.40065068 0.21596974 -0.5388456 0.319618 -0.1342926 0.16592818 -0.7579922
solicitudndo -0.0007909595 -0.28026944 0.46890858 0.17192629 0.19882922 0.13600315 -0.0041510854 0.4858934 -0.104220964 0.15791528 0.15928899 -0.3598098 -0.007416666 0.2515563 0.18967412 0.08586958 0.32963112 0.15247375 -0.29989982 -0.55939496 0.5737418 0.31886327 -0.069683045 -0.37111172 0.22988075 -0.5489485 0.32253888 -0.11505116 0.17629142 -0.7350659
servicios -0.0163957 -0.27077505 0.49073482 0.16635247 0.1989803 0.13783327 -0.017551456 0.5323392 -0.1292421 0.16075544 0.15092959 -0.3518509 -0.0033904032 0.25863704 0.17505656 0.091452174 0.37719366 0.16332467 -0.30920044 -0.6036807 0.60573274 0.36544317 -0.08349066 -0.40192044 0.23104572 -0.56804574 0.33251697 -0.14727822 0.17876671 -0.7500802
asociando 0.003489386 -0.30592027 0.46436295 0.16139244 0.2055245 0.1384567 -0.011789289 0.516076 -0.13534011 0.14292307 0.18246646 -0.38303855 -0.021802114 0.2607162 0.18859316 0.083424985 0.3581699 0.16575937 -0.3066223 -0.6036348 0.5893112 0.3520512 -0.063895606 -0.39099753 0.22514553 -0.554601 0.33323133 -0.13137418 0.18041316 -0.76882243
levantar -0.0029659315 -0.27688053 0.45090446 0.15623176 0.19552036 0.14404868 -0.004392197 0.4881081 -0.12895377 0.14759159 0.16565013 -0.34089997 -0.013754349 0.27877596 0.16688716 0.088875644 0.3286331 0.154934 -0.27178583 -0.57259923 0.56584066 0.3523278 -0.07591265 -0.36166176 0.23529582 -0.5381877 0.32168108 -0.10362884 0.18593243 -0.7168167
independence -0.014603141 -0.28899837 0.48073912 0.15775359 0.19062902 0.1659885 0.018217783 0.5397737 -0.12186664 0.19473493 0.15288372 -0.36689284 -0.016972067 0.29142624 0.2020902 0.07248297 0.39852476 0.18973039 -0.32847455 -0.610428 0.6349579 0.34929064 -0.07884142 -0.40835145 0.22556944 -0.57346755 0.33018386 -0.14331152 0.1921044 -0.7818095
asunto -0.0066052475 -0.28828734 0.53469837 0.1832563 0.22536582 0.17390619 0.00066207914 0.55057114 -0.09719309 0.14786771 0.20175998 -0.40277725 -0.01653358 0.24908355 0.18888874 0.08763054 0.3623687 0.20202436 -0.3009592 -0.65348256 0.6433934 0.3767474 -0.076840796 -0.4472988 0.2632338 -0.5996336 0.36286703 -0.12559746 0.18099459 -0.8139118
modificacion -0.0114408815 -0.28050402 0.51468635 0.16068332 0.20791188 0.18445155 -0.013542315 0.5227182 -0.1231271 0.15230407 0.18285197 -0.3753482 -0.014615332 0.24703228 0.1805535 0.08590485 0.38541842 0.20837241 -0.29549932 -0.63595587 0.6191775 0.34662798 -0.07084639 -0.43165594 0.24329941 -0.6073213 0.3551734 -0.13555752 0.19645 -0.7952347
consultoria -0.033316508 -0.27592394 0.4976166 0.17566696 0.19802593 0.18432212 0.000424489 0.53227764 -0.09601894 0.12036528 0.1630311 -0.40620545 -0.027727041 0.27511665 0.21078473 0.08179444 0.34990487 0.20051996 -0.31189665 -0.5995851 0.6020836 0.3770797 -0.095275514 -0.43143213 0.23038724 -0.58577776 0.37550035 -0.12709725 0.18860671 -0.8064265
asignada -0.018220516 -0.3153687 0.48734373 0.18646882 0.25997922 0.13587384 -0.01108221 0.5219842 -0.15530704 0.16926351 0.20022811 -0.37431893 -0.017442219 0.2915614 0.21900278 0.08906128 0.38084155 0.16649622 -0.30802774 -0.6201068 0.65814245 0.3805189 -0.09232611 -0.42876816 0.27832937 -0.6163457 0.3663845 -0.15278473 0.18995517 -0.78740275
respecto 0.007870323 -0.3122902 0.5359189 0.19870655 0.2835521 0.16255254 -0.0063118543 0.53343713 -0.1492786 0.18171403 0.22864224 -0.3703249 -0.024233386 0.317747 0.22816637 0.065774135 0.42114922 0.18927641 -0.35041353 -0.6653258 0.693028 0.40360022 -0.11887769 -0.45495266 0.3131892 -0.6560829 0.36278185 -0.14471121 0.21207923 -0.8585158
indican 0.013658318 -0.2981852 0.49424288 0.19120772 0.27243686 0.16204625 -0.005131362 0.5167169 -0.1771266 0.16370025 0.20229147 -0.35786638 -0.019996284 0.30944383 0.21190372 0.07874501 0.39087394 0.17214727 -0.35702556 -0.67006165 0.6756624 0.39075267 -0.09381319 -0.462982 0.29762426 -0.601399 0.37651935 -0.1697485 0.21979907 -0.81906354
fondos 0.0041763745 -0.31095704 0.52558124 0.20042437 0.2638915 0.15734537 9.9802455e-05 0.5377271 -0.18278083 0.20356788 0.20262304 -0.4019054 -0.0012005471 0.30268368 0.2158534 0.07290362 0.43205437 0.17980875 -0.35132432 -0.6842955 0.71875226 0.39723366 -0.11279085 -0.46667325 0.30632395 -0.6375728 0.36611593 -0.16584726 0.20874208 -0.8510824
gustaria_explicacion 0.0044110715 -0.31355196 0.5400757 0.21068998 0.29891923 0.13613757 0.0015166554 0.55265594 -0.19088322 0.17745832 0.21644537 -0.39318794 -0.004487305 0.30981737 0.24935298 0.07698112 0.40835378 0.1705604 -0.3678757 -0.71351314 0.7138107 0.40538067 -0.12385477 -0.45303407 0.30359215 -0.6515585 0.37798885 -0.16551623 0.20119606 -0.8737808
detallada_supone -0.0038246487 -0.32416677 0.5544954 0.22344935 0.30148178 0.1420089 0.0040026023 0.57278025 -0.19468239 0.20094448 0.23502344 -0.41621992 -0.007837451 0.32193708 0.24341652 0.060678538 0.43442017 0.1773098 -0.36695883 -0.73745996 0.7378904 0.41062504 -0.12518609 -0.49139762 0.2847853 -0.6633028 0.37604758 -0.18047911 0.2301548 -0.89800245
hecho_causar -0.018702736 -0.34013164 0.5641786 0.19497465 0.30747685 0.15924476 -0.010831411 0.5626385 -0.18754318 0.2044781 0.20972262 -0.40112686 -0.013444001 0.33307743 0.22952542 0.060783356 0.442369 0.1682517 -0.3922782 -0.73861915 0.76713246 0.4192685 -0.106846884 -0.48956725 0.29301894 -0.65374374 0.3922072 -0.18557164 0.22519131 -0.91415155
utiliza -0.012697704 -0.33999673 0.5286664 0.18603124 0.3015708 0.1406651 0.0054256557 0.5645958 -0.19325653 0.19100232 0.22321114 -0.39781266 -0.012450912 0.34370616 0.22761945 0.06155483 0.44645318 0.1893027 -0.3899693 -0.73031086 0.75321513 0.40516496 -0.11811504 -0.47637278 0.2925921 -0.6476551 0.39151472 -0.17042124 0.22835124 -0.8810252
asignados -0.009947051 -0.3453216 0.5576457 0.19573963 0.27765822 0.13765551 -0.00081507734 0.6020614 -0.1849742 0.2172768 0.20006047 -0.4123354 0.004819183 0.34074154 0.24981655 0.07738151 0.44177508 0.20409812 -0.3868673 -0.7302342 0.74753803 0.44348657 -0.1120566 -0.49888247 0.27966836 -0.6741033 0.4033484 -0.16940822 0.21246512 -0.9258418
he -0.014824753 -0.31553158 0.5240338 0.19982341 0.2545413 0.14446858 0.0069277096 0.55062693 -0.15599217 0.21198618 0.19284795 -0.3760727 -0.009642106 0.31695518 0.2190514 0.05418765 0.42523134 0.19273934 -0.36124116 -0.69549406 0.72821355 0.39697456 -0.107886784 -0.4479823 0.26847634 -0.6470161 0.35410836 -0.16514638 0.20827925 -0.8788006
deberia_problema -0.019311737 -0.30714014 0.526461 0.19826229 0.2552841 0.12515895 0.005937333 0.54616314 -0.16814986 0.18353553 0.20485465 -0.36991918 -0.002509108 0.3225238 0.19852357 0.07517913 0.4235176 0.17486788 -0.36675423 -0.6534614 0.7055064 0.39789966 -0.09140973 -0.44459704 0.27236637 -0.6226205 0.36345232 -0.16634323 0.18738869 -0.84095615
ing_hisnardo -0.030496236 -0.27992797 0.51602113 0.16620347 0.23539397 0.12756479 -0.016166275 0.51832235 -0.12797931 0.17702219 0.19203089 -0.3622026 -0.0036796024 0.28601778 0.20762399 0.0627407 0.40319544 0.15672015 -0.3513625 -0.6234216 0.65146077 0.38357684 -0.07372261 -0.4189373 0.27604008 -0.60413206 0.36902305 -0.15052037 0.17197259 -0.8041699
santafe -0.032371044 -0.28766927 0.49947932 0.16677415 0.22370356 0.13354997 0.005277448 0.5056453 -0.10944211 0.1592805 0.1917995 -0.35697013 -0.01492938 0.25784835 0.21112053 0.050214596 0.38298768 0.16393344 -0.33215842 -0.60465014 0.64150846 0.3568048 -0.09886527 -0.42554137 0.2535321 -0.57286793 0.34491137 -0.13113445 0.18513311 -0.7743438
revision -0.0028879791 -0.28093058 0.4464622 0.14954358 0.2019632 0.16987526 0.0076207435 0.49010867 -0.123074524 0.13079505 0.17518963 -0.3415293 -0.026308171 0.23588473 0.17385311 0.07559237 0.34230873 0.13969457 -0.27853397 -0.58374065 0.5759168 0.34727076 -0.06277746 -0.39620155 0.23206052 -0.5532116 0.34252328 -0.11904672 0.1809299 -0.7135466
