42 30
factura -0.02023966 -0.01857745 0.01248434 0.02075067 -0.03307951 0.029860416 0.0020619202 -0.009719843 -0.026818305 0.012949284 -0.0059389235 -0.01611539 0.006152495 -0.004969825 -0.016825154 -0.03167001 0.026848419 0.027487317 0.018317964 7.796445e-05 -0.00786189 0.033932824 0.0019338004 0.019952219 -0.03147435 0.008451117 0.004300235 -0.009847461 0.013293216 -0.03988329
solicitud -0.002241741 -0.016674085 0.021756796 0.015007717 -0.016430378 0.0027743815 -0.007897577 -0.006601383 -0.01691626 -0.004352149 0.0099559985 -0.018873528 -0.010322582 -0.017550634 -0.0143637955 -0.023677759 0.016388828 -0.00073498813 0.029034281 -0.014824707 -0.020952204 0.030159611 0.011955472 0.004122273 -0.014625992 0.009349828 0.026121402 0.013700281 0.027356956 -0.030808086
pago -0.013983449 -0.01649097 0.017397303 0.014490267 -0.020420743 0.013538879 0.009478461 -0.011379384 -0.014035107 0.0043628835 -0.0026743459 -0.02779021 0.010211418 0.0020415308 -0.013176061 -0.0038564182 0.011835637 0.028322624 0.009955293 -0.028503314 -0.024530662 0.02828783 0.012490322 -0.0038081605 -0.0102936365 -0.014888919 0.007807846 0.008436839 0.02698128 -0.028940195
bloqueo -0.0042090733 -0.005001815 0.0013402686 0.013109463 -0.027373064 0.030688886 -0.0027049766 0.011078506 -0.019961633 0.01270086 0.012454426 -0.009039288 0.015980838 0.0054057958 -0.010642551 -0.028056923 0.0008338831 0.017457379 0.032912865 -0.017590832 0.002560616 0.0106513165 0.017429734 0.0089873625 -0.022360168 -0.005153996 0.013016931 0.001220262 0.0045644 -0.031019567
informacion -0.018940894 -0.007905163 0.019123558 0.004677235 -0.026325848 0.018888058 0.01332086 0.014604884 -0.01134408 0.012963828 0.0045325006 -0.0035878064 0.0035637175 -0.0014718978 0.0009132219 3.63132e-05 0.02716277 0.012204912 0.0156832 0.00032891065 -0.016686829 0.011524443 0.005655064 -0.0063314177 -0.00042739642 -0.0148529885 0.016365206 -0.009939927 0.020210722 -0.030710218
contrato 0.0029010964 0.0007902453 -0.0060563777 0.011307513 -0.02563361 0.014214881 -0.008640263 -0.01327661 -0.02902728 -0.006647479 0.010665912 -0.0046356013 0.0033384631 0.00934224 -0.0016244181 -0.00895258 0.015591623 0.0073542804 0.022179993 -0.007237582 0.0003058169 0.010994261 0.01913622 0.009293242 -0.010332136 0.009107903 0.02167918 0.013873647 0.021005483 -0.012767397
fecha -0.007567353 -0.0040498786 -0.0057302928 0.009694944 -0.029120365 0.023257747 7.580065e-05 0.00084120117 -0.016667116 0.005012425 0.014682777 -0.020248853 -0.01600488 -0.014878936 -0.0056395815 -0.022050055 0.015585186 -0.0031243355 0.030206664 -0.025115203 0.002054291 0.020743547 0.007459526 -0.0032648249 -0.021442037 -0.015552966 0.022172213 -0.011444492 0.02007344 -0.007817178
respuesta -0.0011488544 -0.014715782 0.012154692 0.0018849791 -0.02192847 0.019344267 0.0010882827 -0.0013357161 -0.014533501 0.020596705 0.0066983933 -0.014767658 0.0020446226 0.005711739 -0.020547315 -0.010408523 0.021720383 0.023744754 0.026312882 -0.014343033 -0.014942972 0.017607013 -0.012084426 -0.0045019942 -0.021636108 -0.0002184309 0.016562501 0.0061530806 0.0089170905 -0.027531622
documento -0.0028461285 -0.0015691568 0.014388726 -0.00181394 -0.0040631825 0.025532557 -0.0038106462 -0.013154153 -0.017365225 0.012851825 -0.0034893393 -0.028641872 0.015107522 -0.021083282 -0.013742761 -0.026562223 0.0150141 0.0051274183 0.015379241 -0.0055409037 -0.0010129133 0.013242226 0.01216898 0.02255831 -0.02302497 -0.009797472 0.021594068 0.003528532 0.018374514 -0.0053364676
cuenta -0.008415475 -0.015722355 -0.0003110817 0.016502311 -0.016323568 0.010174799 0.007649764 0.0018855816 -0.027204124 0.0035220825 0.0056954646 -0.008654046 -0.0029317825 -0.02099892 -0.011200479 -0.0069429385 0.028732603 0.022027975 0.028048055 -0.008463772 -0.007108159 0.032710955 0.0060990695 0.017233182 -0.020841802 0.008146587 0.013419157 0.011946309 0.023621479 -0.010471585
sea 0.0049983184 -0.013256037 0.014121059 -0.008186584 -0.012788746 0.011615904 -0.009048074 -0.011787063 0.0037947907 0.0126516195 0.0036203212 -0.012452797 0.011712111 -0.015445067 0.00297163 -0.0021666507 -0.00547111 0.009803296 -0.0017371868 -0.009024851 -0.018722877 0.0017406113 -0.0044025513 -0.003000312 -0.022603085 -0.0018207314 -0.007314427 -0.010187183 -0.003195214 -0.010741816
rg -0.015888626 0.006437839 -0.009257694 -0.0024154754 -0.0045463927 0.0016021661 0.007151056 0.008834858 -0.008765609 0.011413305 -0.007924803 0.004052971 -0.015853481 -0.0092218 -0.014198547 0.0014157441 0.024811435 0.003400621 0.02438748 -0.020602154 -0.011813878 -0.0013297203 0.015127833 0.01168627 -0.008544786 0.009738943 0.01960719 0.008871221 0.026012545 -0.017555417
id 0.0031011417 0.004629231 0.013007224 -0.0065699997 -0.029785443 0.020273773 0.0064584496 0.008727426 -0.029405516 0.010775049 0.0056786314 -0.011053848 0.009821186 -0.011862903 -0.018362736 -0.026991349 0.004313682 0.0075532687 0.0102929305 0.0040273303 0.003733798 0.030945828 0.011069067 -0.0037454518 -0.023193065 -0.00043154898 0.009422466 -0.010701933 0.028494358 -0.020886146
validar 0.009131507 0.010280426 0.01243056 0.014660238 -0.016934635 0.020737132 0.0049008606 -0.010836645 -0.022528408 0.014808822 0.0003224681 -0.011192846 0.0011554612 -0.0008238867 -0.002996471 -0.013106814 0.016163567 0.005135349 0.008364515 -0.018569948 -0.007352396 0.022783196 0.0014506713 0.008271805 -0.010908282 -0.009946821 0.010005271 -0.010464895 0.020432534 0.003102073
administrador 0.004709657 0.0006169532 0.023783756 0.017718619 -0.021222625 0.009052706 0.0067940108 -0.0006939448 -0.0065233535 0.014310469 0.0005397181 -0.02192804 0.0065409658 0.0033644626 -0.0042123506 0.00016813184 0.009601193 0.011885005 0.015208864 -0.026160264 -0.025150897 0.008327981 0.0061500226 0.007158734 -0.0093678655 0.003131672 0.004735754 0.0006294019 0.015107772 -0.0051509477
garantia -0.009657826 -0.020754926 -0.0047644977 -0.0069240406 -0.029313378 0.028724423 -0.011475933 0.00051318004 -0.017034503 0.0140772145 0.019937655 -0.003335947 0.014295156 -0.01773757 -0.017277023 -0.013582888 0.026118822 0.016077075 0.013850187 -0.028185595 -0.025760453 0.021472018 0.0072650225 0.017913138 -0.018587373 -0.010054314 -0.0025232492 0.00554838 0.0118513545 -0.034590133
verifique -0.009852676 0.014341792 -0.0058120675 0.010938188 -0.008194657 0.0008960126 -0.015047741 0.00489895 -0.0034713154 -0.005890176 0.00092981267 -0.005558314 -0.0039722803 -0.0021588719 -0.017376257 0.00991055 0.00055437034 0.004337338 0.013425622 -0.0032078123 0.0048704552 -0.00060652214 -0.00925329 -0.0007894187 -0.018010201 -0.0010351973 0.008832997 -0.010216473 0.019938126 -0.009305202
solucionado -0.00041237465 0.0074899113 -0.010633206 0.0076385476 -0.008343478 0.015402564 -0.016095037 0.006166348 -0.013901854 0.004123877 -0.0050496208 -0.000998243 -0.006881744 0.008782271 -0.011831093 -0.012045214 0.014926656 0.01293237 0.0012557969 -0.010294328 0.005118754 0.022133278 0.00010849195 0.015356035 0.0024581216 -0.016151588 0.0011295922 0.0024760815 0.018874886 -0.008820744
acreedor -0.011987708 -0.00539208 -0.0030717822 0.01755193 -0.0028499938 0.005610087 -0.01741054 0.0048679183 -0.008088382 0.010793979 -0.0012384129 -0.0040337546 -0.014515724 -0.021776143 -0.0026531594 -0.023451876 0.012808581 0.0149019845 0.030462356 -0.01236436 1.2379111e-05 0.02780912 0.01685347 0.018242078 -0.019555084 0.011117333 0.0012665261 0.016303653 -0.0030902724 -0.011921255
estado -0.019917894 0.011242125 0.017711643 0.0089517 -0.009008736 -0.00333146 -0.007904994 0.015140627 -0.015541263 0.010293245 0.011186197 0.0057086195 -0.0016216665 -0.011677434 0.0012355825 -0.014263851 0.0027205038 0.007050446 0.009679892 0.009574938 0.008609027 0.026122574 -0.009115209 0.012908239 0.007682408 0.0036401956 -0.0027551935 0.01265043 0.016753552 0.0054001412
numero -0.0073205275 -0.013031144 0.012532302 0.007421106 -0.0023368942 0.0075097447 -0.01025222 -0.0011982784 -0.026331054 -0.0027882105 0.014773209 -0.016829772 -0.0053069107 -0.009923146 -0.0067949416 -0.006153636 0.021102358 0.026629388 0.014761107 -0.0015049066 -0.023796443 0.018508676 -0.0044250772 0.014847015 -0.01423445 -0.0080063585 0.026511382 0.0037657893 0.012465401 -0.017776724
fiducia 0.0021737013 0.012617349 0.0106040165 -0.013742011 -0.00030897683 0.010176032 0.003828089 -0.003144923 -0.024604203 -0.005711003 0.01637596 -0.021139659 -0.011026718 -0.007277922 -0.021056315 -0.019074814 0.004579144 0.02080745 0.009471359 -0.0062396904 -0.024243271 0.021079626 -0.010530851 0.016511725 -0.025867457 0.0064626522 0.022925178 0.0077964207 0.010117629 -0.0033402538
presenta -0.021364558 -0.007612013 -0.008223496 0.003090198 -0.0061349366 0.0265487 0.007311877 -0.00890184 -0.024773054 -0.007984888 0.016346717 -0.024522984 -0.008929755 -0.015334261 0.004767567 -0.00042662414 0.016070442 -0.0012847742 0.024777878 -0.019501809 -0.015801968 0.03046854 0.006290634 0.009775392 -0.0018074411 0.007530603 0.005264809 -0.009806334 0.02526862 -0.023555193
embargo -0.0074273953 -0.005045665 0.015805418 -0.013057689 -0.016065337 0.024769597 -0.00031939146 0.011991394 -0.0057656057 0.019005237 -0.0049177036 0.002783804 0.009983545 0.0057848194 -0.002987112 -0.006310636 0.017964205 0.011120789 0.001798958 -0.018458309 -0.0074308272 0.019682068 -0.0012409646 0.0033365537 -0.01780929 -0.005835782 0.015020036 0.007238672 0.016810302 -0.018350177
validacion 0.011224642 -0.015164977 -0.0012538761 0.002684915 0.0039436994 -0.00043203114 0.0054968344 -0.005990382 -0.0059390166 0.017650401 0.013889454 0.0038745455 0.0016296507 -0.012053187 0.0008667856 0.0069601056 0.003982792 0.0066969167 0.015820354 -0.016123211 -0.0064729066 0.007612002 0.0046067084 0.015403791 0.0028548688 -0.017367316 -0.0018237362 0.003809011 0.018099297 -0.0011352531
retencion 0.007001281 0.0015637075 -0.004251995 -0.00077582535 0.00057928875 0.0019751007 0.0044042002 -0.005891659 -0.004990701 0.012026151 -0.0063069887 -0.0005947774 0.00045551415 -0.020935375 0.005856706 -0.025492253 0.016881505 0.022852473 0.025441485 -0.0032924751 -0.005072575 0.019608567 0.002343875 -0.009908693 -0.005699809 -0.017128866 0.025156453 -0.011901642 -0.001235517 -0.02285483
informamos 0.0028870779 0.002199691 0.016323093 -0.008244142 -1.4509977e-05 0.013537854 0.0058949185 -0.00043780621 -0.022262592 0.0052958876 0.015538891 -0.006493992 -0.011496992 -0.009541152 -0.01886102 -0.0011229384 0.0104176905 0.0075020012 0.010600166 -0.019747851 -0.013488202 0.0036168746 -0.009729281 0.0006709399 0.0019562768 -0.016408043 0.01832742 -0.00814948 0.017036842 -0.025578437
proveedor -0.01674639 0.007559077 0.01929323 0.00746304 0.0051810117 0.013766399 -0.0041598435 0.0058380812 -0.010890403 -0.007854831 0.009188626 -0.013608555 -0.0036969462 -0.0042292094 -0.01118147 -0.0064510196 0.0047209547 0.010190766 0.008699467 -0.0034492982 -0.014850329 0.00078845373 -0.0026520211 -0.013974273 0.0084444545 -0.013105037 0.010007962 -0.014622357 0.020536752 -0.01951672
encuentra -0.014461867 -0.0073774527 0.010987733 0.010046128 -0.0035264539 -0.0012886417 0.006358752 0.010623205 -0.0071035065 0.010869962 -0.01211247 0.0019709745 -0.009134696 -0.014564322 -0.01937419 0.0045119785 0.0071391123 0.013743299 0.010810113 -0.02079611 -0.022832904 0.0009446138 -0.012959817 -0.0052366285 -0.016511798 -0.015584597 0.012828229 -0.00513056 0.013369366 -0.001955749
solicitudndo 0.009256217 -0.0046870485 0.01619336 -0.0067695556 -0.0049874005 0.02362172 -0.010177072 -0.0054043275 -0.010261848 0.010914007 -0.009416452 -0.011063554 0.0074994927 -0.014146622 -0.018053673 -0.006077374 0.0177262 0.008636544 0.019737978 -0.0010759701 3.8039478e-05 0.012211521 0.017801566 0.0016211751 0.0017122579 0.012200842 -0.0020834678 0.015456111 0.019534146 -0.022049764
correspondiente -0.006186125 0.0013974194 0.02018722 -0.012826207 -0.024781313 0.02397246 -0.008391005 0.0006361413 -0.024892371 0.0041808835 0.00920632 -0.016431086 -0.0026180048 0.0024829202 -0.015115275 -0.024008248 -0.0026688406 0.021719266 0.020839514 0.003016194 0.00071651686 0.02449247 -0.003747706 0.0019166841 -0.025658827 -0.0050321184 -0.0023882517 -0.0020150866 -0.002387095 -0.0047906376
realizar -0.013126002 -0.0042089974 0.018303053 -0.012951465 -0.013862693 -0.0015705873 0.0022458243 -0.0051438333 -0.0002357669 -0.008287199 -0.009007172 -0.023933282 0.0031501157 0.00033984295 -0.013084299 -0.01848834 -0.0029874952 0.017763332 0.026695559 -0.015210888 -0.015256206 0.0056879176 0.011510541 0.00269066 -0.022590948 -0.010271455 0.0022904626 -0.00562175 0.008229982 -0.027399806
solicitudmos -0.013610216 -0.012119572 0.018308528 -0.006754011 -0.003355078 0.012241967 -0.006111693 -0.0011172354 -0.011875268 0.0060904445 -0.012905048 -0.022567615 -0.0030336543 -0.009761391 -0.011675343 0.0067518177 0.013083328 0.00034773158 0.012982596 -0.009906946 -0.010822113 0.009009894 -0.0135997785 -0.0050451746 -0.016435713 -0.015460037 0.013342446 0.0045054485 -0.0009623713 0.0020347228
consulta 0.012427195 -0.0018417985 0.000103556726 0.0015931053 -0.020268349 0.019228224 0.0076446547 0.009790734 0.009173549 0.01069775 0.005894941 0.006580306 -0.013642101 0.009360051 0.012756467 0.003444264 0.0022218123 0.00096460327 0.015451657 0.008763512 0.012255741 0.005457823 0.0055818385 0.005811676 -0.0072576934 -0.0046859337 -0.00805068 0.016396651 0.012299225 -0.021546893
error -0.017815737 -0.018014759 0.017477999 -0.0024904723 -8.182105e-06 -0.00420642 -0.011773578 0.0040478115 0.0030423116 0.008786868 0.018379875 -0.014579578 0.0016958006 -0.00094207743 0.0042796484 -0.021859117 0.0011661915 0.020249374 0.0075933323 -0.00419473 -0.015431558 -0.00086746394 0.004792266 0.010648346 -0.022046128 -0.012043264 0.008969494 0.016265834 -0.0036804662 -0.029161327
receptor -0.015281155 0.0028386754 0.018564032 -0.010482883 -0.011230143 0.023440778 -0.01745603 -0.0032284432 -0.011409817 0.00062753464 0.011631875 -0.025782175 -0.005372041 -0.007476058 0.0060953554 0.0055436683 0.025197882 -0.0050869687 -0.0022769312 -0.02221789 -0.0015187254 0.02608277 0.018520841 0.020006943 -0.0102018155 0.011999735 0.009255333 -0.013897728 0.0027301062 -0.0035325934
persona -4.8203365e-06 0.0009181828 -0.013031967 -0.01505912 -0.0167609 0.0080050975 -0.0058377897 0.011511195 -0.0010610507 0.012642982 0.0019112607 -0.013317246 -0.014021778 0.0048334682 -0.018281361 -0.01370927 0.0019903446 0.017292893 -0.009152233 -0.011506218 -0.0055172737 0.01955727 -0.0066155223 -0.009871969 -0.0054197977 -0.017243933 0.015416968 -0.0042377613 -0.00030090575 0.0074106744
manera -0.015510785 -0.0002587 -0.005847133 -0.0048789857 -0.00089926133 0.012055506 -0.004662849 -0.0012293363 -0.012515787 0.02234382 0.021122526 -0.022100056 0.0063137216 0.00693197 0.005583794 -0.014250873 0.01708288 0.0120751755 0.028391257 -0.0031606841 -0.010935133 -0.0023654054 0.0009482937 0.010579391 0.00415774 -0.017648634 -0.0040665925 0.011991538 0.02239836 -0.025615761
modificar -0.021587497 -0.012355611 0.015032798 0.00083940313 -0.013613671 0.026099104 -0.016957669 -0.017225651 -0.0013190415 0.02074226 0.015619265 -0.010893104 -0.010929212 -0.008593831 0.0013890364 -0.021032201 0.016668202 0.00898749 0.018775813 -0.023229567 0.0016775115 0.023255298 0.011136195 -0.00335647 -0.025562141 0.010245024 0.017537944 0.0021025161 -0.0019482479 -0.024503885
verificar -0.017390113 -0.0019325208 0.0047050817 -0.01460974 0.0060415035 0.012739082 0.011555793 -0.009280004 0.007238049 0.019858304 0.01551017 -0.0075514363 0.0019248282 -0.017123578 -0.0016626455 -0.021277968 -0.0070397714 -0.0029658105 0.013686228 -0.008655763 -0.016094882 -0.004014381 -0.014783049 -0.0076595074 -0.0017900157 -0.0038735142 0.0062451595 0.016118882 -0.0024084165 -0.0011024503
relacionado 0.00080081855 0.010968197 -0.0097606005 0.007215815 -0.015685888 0.008313608 -0.0027605137 -0.0043377043 0.004171653 0.0065746284 0.02059766 -0.018113183 -0.0013994904 0.007476256 0.010099596 -0.01889736 0.004735605 -0.007623598 0.0036082738 0.0055026035 -0.01727783 0.009693382 -0.013655213 0.019083215 -0.013675029 -0.01716283 0.017196218 0.017831668 0.0030105244 -0.0064664055
atencion -0.0057824994 -0.00595181 0.017065173 0.009570031 -0.02339379 0.011585864 0.008950442 -0.009435227 0.005028184 -0.008504077 0.005051059 0.0011309066 0.0012715027 -0.00040103763 -0.010422967 -0.020291857 0.02284021 0.019129789 0.025079032 0.0047271517 0.0076274783 -0.0036501028 0.009242787 0.0112914 -0.022343185 -0.002528045 0.00029720395 0.01263865 0.014535744 -0.010178006
