13 30
pago -0.005615276 -0.010695823 0.007162738 0.010970226 -0.0024086304 -0.0051064165 0.0112636965 -0.009892294 0.003209451 -0.00546306 -0.00991781 -0.012069099 0.010431096 0.010110519 -0.0025022295 0.012131133 -0.004544279 0.013056887 -0.011181612 -0.014130283 -0.012210098 0.007370354 0.007742641 -0.011805837 0.0077287653 -0.009289946 -0.0059697265 0.006141015 0.009314235 -0.007918475
factura -0.010700526 -0.011766536 0.001025094 0.016579762 -0.013030012 0.009132447 0.0039399536 -0.007853669 -0.0076952074 0.0020378197 -0.014016212 0.0013175877 0.006318532 0.0040350175 -0.005096768 -0.013882531 0.008361027 0.010467349 -0.005422927 0.01609755 0.005887492 0.010736987 -0.0035103746 0.011003657 -0.011583174 0.014629426 -0.011069059 -0.012738595 -0.00648869 -0.01601061
solicitud 0.005729708 -0.010962899 0.0122650815 0.01145471 0.00044130874 -0.014673134 -0.0062059676 -0.0049286825 -0.0009868043 -0.013580561 0.00294905 -0.003985342 -0.010108428 -0.009896121 -0.0045718923 -0.008549797 0.0009303974 -0.015030981 0.008922269 -0.0011981737 -0.009437558 0.010612093 0.007377298 -0.0033869515 0.0022810863 0.014873432 0.013154786 0.011322289 0.010711784 -0.010810153
informacion -0.012631212 -0.0034167839 0.011494011 0.0017673847 -0.012937659 0.00510712 0.014583698 0.01586233 0.0013448215 0.0057953172 -0.0007550617 0.0079618385 0.0037717693 0.004397377 0.008665716 0.011914365 0.014916219 0.0009075982 -0.00013826664 0.010844077 -0.0077006244 -0.003940334 0.002063745 -0.012166347 0.0128531335 -0.010729118 0.0061116037 -0.0118351225 0.0071049873 -0.014980061
garantia -0.0023805352 -0.015728852 -0.013492951 -0.01018491 -0.013912364 0.012675896 -0.009719656 0.0019092571 -0.002115565 0.005703438 0.013444492 0.010421338 0.014654091 -0.010667297 -0.008260383 0.00017875673 0.011815435 0.0029072142 -0.004569782 -0.015617632 -0.015046934 0.0033863946 0.003042865 0.010733487 -0.0029053458 -0.005297568 -0.0147273475 0.0033591131 -0.0034434258 -0.016344894
fecha -0.0008209906 0.0007562602 -0.013807715 0.006770692 -0.01505745 0.008812439 0.0014541317 0.0021736426 -0.003446389 -0.0025746247 0.008903835 -0.007961838 -0.015807316 -0.008588735 0.002427975 -0.009492074 0.00269699 -0.014953888 0.013473178 -0.013911372 0.011656359 0.004624613 0.0036036074 -0.009467572 -0.0074445144 -0.011056872 0.011382096 -0.013438135 0.006293352 0.008959047
estado -0.015828671 0.014190589 0.012898502 0.007045176 -0.0005366602 -0.0120474445 -0.007016543 0.015929352 -0.0074658426 0.005710934 0.007696794 0.013098711 -0.0014633961 -0.007866488 0.006119404 -0.006690672 -0.0051350254 -0.00017104615 -0.00051774306 0.016305685 0.014368982 0.016328735 -0.01145077 0.009133736 0.016185245 0.0062442264 -0.009413334 0.011399899 0.008409407 0.015593163
contrato 0.010404367 0.0060627013 -0.0150152175 0.008009836 -0.010186952 -0.0017193599 -0.0070620277 -0.011751406 -0.014329363 -0.015054794 0.0042913808 0.009087345 0.003733191 0.016375365 0.0073722876 0.0047526276 0.0013080351 -0.0058448236 0.0036580246 0.0052987766 0.0110511435 -0.006867138 0.015042001 0.0025074985 0.0053080404 0.014055348 0.009654331 0.011726061 0.005706029 0.0055984515
retencion 0.012412016 0.005321606 -0.010923962 -0.0030992255 0.012083919 -0.010014626 0.005617863 -0.0048548323 0.005992313 0.0057300725 -0.011003321 0.00956481 0.0006960672 -0.015757486 0.012533378 -0.015356821 0.006322619 0.013057144 0.011813941 0.0060102977 0.002785741 0.006214519 -0.00075561996 -0.015009642 0.0059378836 -0.013541495 0.016231641 -0.013351771 -0.012529916 -0.009307793
cuenta -0.0016970322 -0.01102238 -0.008255229 0.0134562 -0.0021989662 -0.0042742244 0.009225063 0.003186623 -0.013599925 -0.0039141956 -0.00013280964 0.0038654564 -0.0026534987 -0.014580309 -0.0029018347 0.0056069638 0.01579337 0.009896887 0.011265181 0.002797929 0.0026226577 0.016168846 0.0022242959 0.010781857 -0.006579288 0.012377712 0.00259163 0.009887363 0.009743959 0.006118023
manera -0.010563639 0.0031833078 -0.011937554 -0.006968216 0.009786839 0.00094097137 -0.003649986 -0.00018445108 -0.0023555516 0.016455123 0.016562521 -0.012480197 0.006542783 0.011752355 0.011713903 -0.004843073 0.0073644286 0.0030636473 0.015748225 0.005563097 -0.0035092304 -0.014710776 -0.0018608635 0.0058210907 0.014910926 -0.014174849 -0.012331021 0.010739833 0.011880854 -0.013183767
correspondiente -0.0017104518 0.004443594 0.014812454 -0.014727087 -0.015483508 0.014239211 -0.007396669 0.0014848077 -0.015979493 -0.0008830514 0.0053580245 -0.008098876 -0.002361603 0.0067773373 -0.009667004 -0.015756587 -0.011307178 0.013825294 0.009787537 0.010671481 0.0071968934 0.013626393 -0.0063056583 -0.002443618 -0.016204873 -0.0022040042 -0.009656511 -0.0032882513 -0.011593553 0.0061840904
acreedor -0.006401381 -0.0014954077 -0.009727484 0.015089783 0.008849574 -0.0065764026 -0.016186874 0.0059459484 0.0031066807 0.004396195 -0.0060378173 0.006320958 -0.014268226 -0.016388383 0.0042020446 -0.0130812805 0.0019678136 0.0050770435 0.016631732 -0.0028753919 0.008046676 0.014221157 0.013683961 0.012922974 -0.0077425106 0.014660417 -0.007795292 0.014839074 -0.014616838 0.001862393
