22 30
bloqueo 0.004160455 0.00085731386 -0.007574642 0.01009233 -0.011282503 0.014038106 -0.000611176 0.012627416 -0.005315558 0.0036269042 0.005416089 0.0050821733 0.016469484 0.013071215 -0.0017659621 -0.013379481 -0.014006173 0.0035674302 0.013516586 -0.004451856 0.013576976 -0.0080033075 0.013119496 0.0019105931 -0.006191779 0.00085712114 0.0010499386 -0.0010688623 -0.010643093 -0.011856603
solicitud 0.0062164213 -0.0107114175 0.012592942 0.011904501 9.040127e-05 -0.014340182 -0.0057946686 -0.0049927076 -0.0019714439 -0.013732364 0.0026740409 -0.004226577 -0.009935955 -0.009815911 -0.0052024103 -0.0085402075 0.0012976996 -0.0150199635 0.009080858 -0.0012570933 -0.009563672 0.0110692745 0.007676631 -0.0030966299 0.0020406463 0.015690919 0.013816 0.011292168 0.0117064 -0.011082622
factura -0.010211697 -0.011522194 0.0014039626 0.017053682 -0.013406898 0.009503436 0.0044105262 -0.007929366 -0.008759016 0.0018970345 -0.014293514 0.0010038029 0.0065124272 0.004081199 -0.005751284 -0.013890234 0.008769823 0.010506375 -0.0052210395 0.016035033 0.0056878305 0.0112696905 -0.0031990055 0.011323376 -0.011858851 0.015523245 -0.0103925215 -0.012788638 -0.005430396 -0.01632315
respuesta 0.004735426 -0.010607752 0.0060331696 -4.084556e-05 -0.011094303 0.0081838565 0.0025542805 -0.00036578983 -0.004998284 0.014346803 0.0017721888 -0.005229899 0.002374341 0.010777798 -0.014735584 -0.00050553854 0.011895944 0.014336844 0.013261964 -0.0054232585 -0.0073473216 0.0051721367 -0.014677276 -0.009123338 -0.010747828 0.0043194885 0.008632283 0.0045433845 -0.0011871277 -0.014482115
verifique -0.0065205777 0.016663615 -0.009412398 0.00973027 -0.001718145 -0.005743798 -0.014168714 0.005460805 0.0024522059 -0.009518506 -0.0019257327 0.00016809932 -0.0037534584 0.00079828786 -0.013745835 0.015728395 -0.005381105 -0.0013686796 0.0056747883 0.0020842256 0.009410641 -0.008149798 -0.010856898 -0.0036635438 -0.011445489 0.0014011281 0.004017451 -0.011190643 0.013791577 -0.0016058399
sea 0.008950322 -0.0105911875 0.009879099 -0.009544296 -0.0049976544 0.0036814525 -0.007911517 -0.01111714 0.010843307 0.008262393 0.00013404724 -0.0056475033 0.011915121 -0.011888444 0.0071850405 0.0048049055 -0.012519116 0.0029955027 -0.0109498175 -0.0028229814 -0.013331769 -0.0071653333 -0.0062790373 -0.0065062977 -0.014672819 0.0010815039 -0.012981083 -0.011331829 -0.0104127545 -0.0016362033
solucionado 0.0023428756 0.009284122 -0.013435617 0.0066771484 -0.0031536936 0.010073472 -0.015282864 0.006647034 -0.009345584 0.0012041235 -0.0072692763 0.0035369876 -0.0066459174 0.011175743 -0.00904586 -0.007354695 0.010263589 0.008482018 -0.004944575 -0.006022596 0.008629526 0.016197445 -0.0011290672 0.01312638 0.007774093 -0.014053074 -0.0025898807 0.0018025347 0.014121948 -0.0028407143
rg -0.010255894 0.010270723 -0.015132678 -0.004149864 0.005990717 -0.0092991395 0.008685488 0.009762517 0.00065369194 0.00545967 -0.012653055 0.0133818695 -0.015451174 -0.0042202044 -0.008469141 0.010971682 0.015185045 -0.0058148596 0.011748612 -0.011884541 -0.004441922 -0.013502608 0.012512759 0.0071233953 0.0021884798 0.013952215 0.011853088 0.007419587 0.016317133 -0.00510826
id 0.010670148 0.009760491 0.005218011 -0.008995641 -0.015657494 0.005691392 0.008619494 0.009962349 -0.016961832 0.0027207898 -0.00071921584 0.0013740216 0.010371895 -0.0053168624 -0.010870186 -0.0140068345 -0.008491587 -0.0048294226 -0.006760961 0.01562854 0.013447471 0.014748869 0.0075700847 -0.00987949 -0.008876589 0.0054818396 -0.00093889824 -0.012683955 0.0156536 -0.004144105
administrador 0.011303028 0.005085385 0.016837519 0.015574592 -0.008901616 -0.0035862261 0.008563221 0.00028093354 0.0043611936 0.007304368 -0.004951755 -0.011126385 0.0069913124 0.0090588145 0.0023878145 0.011350175 -0.001521915 0.0011535954 0.000513498 -0.016162882 -0.016641647 -0.0058098226 0.0031867952 0.0018941772 0.0031260876 0.008089275 -0.004371776 -0.0010817547 0.0038091682 0.009451832
informamos 0.009415994 0.0067483145 0.009333794 -0.010640793 0.012602219 0.00054219837 0.0076149153 0.0005424515 -0.010714732 -0.0018500293 0.010103912 0.004460699 -0.01111565 -0.0036372608 -0.011839069 0.010332913 -0.0012616472 -0.003488257 -0.004583648 -0.009481736 -0.0048769657 -0.011001693 -0.013044376 -0.004904139 0.014624649 -0.01176047 0.008835947 -0.010000915 0.0051113344 -0.01038046
pago -0.005161298 -0.010381785 0.0074890517 0.011256533 -0.0025516804 -0.004832773 0.011649146 -0.00992084 0.0024383455 -0.0055771433 -0.010153645 -0.012312113 0.010512553 0.010157915 -0.0030172255 0.012207406 -0.004310649 0.012978383 -0.011094317 -0.014150174 -0.012304024 0.0076303645 0.007916205 -0.011541023 0.0075021205 -0.008561378 -0.0053628623 0.006052022 0.010115691 -0.008014558
informacion -0.01222305 -0.0031958686 0.011816193 0.0021439348 -0.013183575 0.0053781066 0.014972097 0.01581771 0.00046852973 0.005654659 -0.00096481346 0.007706008 0.0038869681 0.004409049 0.008116233 0.011952984 0.015247414 0.0009477559 2.016142e-05 0.010784396 -0.007899749 -0.0035322297 0.0022797452 -0.011882796 0.012635152 -0.009997468 0.0067097475 -0.011878322 0.007974757 -0.0152187925
fiducia 0.00812361 0.016610017 0.0045287637 -0.015277748 0.010451403 -0.00090121204 0.005624895 -0.0022848176 -0.01527213 -0.012043378 0.011515789 -0.011510294 -0.010594175 -0.0022645288 -0.015283783 -0.009119306 -0.005025988 0.011386909 -0.0033691723 0.0026962012 -0.016798396 0.008817477 -0.013066976 0.011993647 -0.014828401 0.011282153 0.015234686 0.006286808 0.0005176251 0.009236683
presenta -0.015061061 -0.00333339 -0.014642371 0.0009962126 0.0056720017 0.014476325 0.009059359 -0.0079404395 -0.0145240845 -0.014667916 0.01103761 -0.014168722 -0.008320853 -0.009755679 0.011102797 0.01032151 0.0053719594 -0.011478742 0.010665023 -0.00963583 -0.007688964 0.016899088 0.00335946 0.004692057 0.010063215 0.0125147225 -0.0032994642 -0.011421516 0.014431905 -0.009736616
contrato 0.010774784 0.0062632645 -0.014773365 0.008316085 -0.010449079 -0.0014673334 -0.006775224 -0.011783223 -0.015068105 -0.015161955 0.0041115554 0.008916027 0.0038594026 0.0164273 0.0068987943 0.0047158855 0.0015688788 -0.005831994 0.0037901876 0.0052704713 0.010965071 -0.006513571 0.0152619975 0.0027295318 0.00511437 0.014657556 0.010140263 0.011717575 0.006427846 0.0053964853
documento 0.0060866573 0.0046137786 0.0050828015 -0.0047382843 0.012513262 0.008458619 -0.0014275732 -0.011693676 -0.0025220937 0.0032663082 -0.010987692 -0.013912382 0.015744127 -0.013197385 -0.0047594416 -0.01135171 -0.00016138208 -0.009475296 -0.004827171 0.008213339 0.010557051 -0.0059292484 0.007973595 0.015324858 -0.006182594 -0.0030972618 0.009325189 0.0010170051 0.0029584267 0.014465423
validar 0.014430001 0.013949429 0.006690195 0.012695214 -0.0065348134 0.010068716 0.0061742146 -0.009934505 -0.013207778 0.009003853 -0.004066178 -0.002256617 0.0013684935 0.0038025407 0.0026863571 -0.0037711011 0.006792793 -0.0037104788 -0.0039636325 -0.010276061 -0.00041831538 0.010957254 -0.0012386879 0.0038400434 -0.0006232548 -0.006114366 0.0024114917 -0.011856403 0.01074798 0.015403635
numero 0.00031666414 -0.0076996586 0.004278362 0.004785977 0.012467875 -0.007784894 -0.008296095 0.00012478845 -0.012795018 -0.011176988 0.008262859 -0.0037456919 -0.0049092905 -0.0029541561 0.0014367604 0.0073554497 0.0075349603 0.013673697 -0.0030751291 0.010615842 -0.013416396 0.001347994 -0.008225483 0.008378701 0.0007364406 -0.0023896417 0.015401538 0.0015844452 -0.0014901018 -0.00014175808
cuenta -0.001217966 -0.010824186 -0.007932958 0.013946054 -0.0026017064 -0.003899239 0.009702939 0.0031354076 -0.014732904 -0.004061315 -0.0003463041 0.003583165 -0.0024631363 -0.014571196 -0.0035660092 0.005606296 0.01624622 0.010006672 0.011533742 0.0026964743 0.002385562 0.01674642 0.0025351024 0.011110518 -0.0068584303 0.013262325 0.003288469 0.009861719 0.010809947 0.005742264
solicitudndo 0.013079349 -0.0020401543 0.012271605 -0.0080424985 0.002083382 0.016355228 -0.009216702 -0.004753603 -0.0039713164 0.0068400577 -0.012602941 -0.0049052252 0.0077821496 -0.010884709 -0.014189789 0.00043511274 0.011241237 0.0023952296 0.011104215 0.0047332416 0.0049458067 0.0041434267 0.016049743 -0.0014338299 0.008855613 0.015062175 -0.0073233214 0.014267343 0.012933662 -0.013536531
embargo -0.0027265335 -0.0016693253 0.010423287 -0.014939951 -0.0065790056 0.015009873 0.0007330876 0.012947664 0.0029978568 0.013682322 -0.0089573255 0.011100902 0.010102126 0.010015565 0.0023207306 0.0022123568 0.009294596 0.0030363714 -0.009526695 -0.010801402 -0.00084154867 0.008821984 -0.0036824385 -0.0007400051 -0.008393128 -0.0024279682 0.007871545 0.00584798 0.007740725 -0.0070100287
