75 30
factura -0.16005142 0.103133224 0.21201298 -0.30566788 -0.21666552 -0.7511023 0.0040607397 -0.2320791 0.110970534 -0.43144605 -0.17711522 0.16747358 0.13162999 -0.08713476 -0.23917781 -0.34235445 -0.3010352 0.30562168 -0.1259729 -0.03575945 -0.18813443 -0.4514508 -0.39302415 -0.21766278 -0.57312083 -0.2601079 0.27187684 0.18750769 -0.16202396 0.39818436
pago -0.09220873 0.06830147 0.12477651 -0.19643402 -0.1377697 -0.44732383 -0.00458478 -0.1576457 0.06731631 -0.26342216 -0.099176064 0.10515492 0.09803257 -0.048049595 -0.15455706 -0.22116712 -0.17429256 0.19652615 -0.072850004 -0.021566965 -0.10915009 -0.29973918 -0.27005306 -0.12807852 -0.34958446 -0.15561253 0.17171884 0.12951304 -0.089166574 0.26462224
solicitud -0.098355055 0.053129327 0.13293095 -0.16364957 -0.13209853 -0.4496449 -0.0068184566 -0.13831764 0.04720053 -0.27198398 -0.09178823 0.099935345 0.08708256 -0.052741617 -0.1390192 -0.19606647 -0.1838346 0.16946347 -0.05558088 -0.01602147 -0.13467985 -0.27106008 -0.24053577 -0.11324331 -0.3475219 -0.15267114 0.15152334 0.13165818 -0.08069462 0.2482556
endoso -0.09147351 0.045915097 0.121374734 -0.18431291 -0.14401107 -0.475781 0.010272098 -0.16527417 0.07501803 -0.28581798 -0.11329097 0.117364205 0.0964438 -0.0721186 -0.15842012 -0.21089908 -0.19438058 0.18539916 -0.08768244 0.00041781578 -0.113485485 -0.29344955 -0.27079573 -0.14814039 -0.35774934 -0.15384336 0.15594609 0.11664219 -0.11066855 0.26370853
receptor -0.08683615 0.067448504 0.10015822 -0.17244345 -0.12858765 -0.4247999 -0.0046683936 -0.15975845 0.07296683 -0.24622566 -0.090738595 0.1170322 0.096921936 -0.06327217 -0.14556013 -0.2081597 -0.15601227 0.1765263 -0.06213635 -0.028560163 -0.100858144 -0.2538929 -0.23388936 -0.11363846 -0.3422249 -0.14150004 0.15608567 0.12593694 -0.09527456 0.24213058
respuesta -0.10581546 0.072246656 0.124338165 -0.19475819 -0.14054123 -0.4792817 0.010183108 -0.16933373 0.08421603 -0.29840752 -0.11918687 0.11636956 0.08226338 -0.07150158 -0.17165214 -0.2123224 -0.18647198 0.20422736 -0.077382036 -0.023072414 -0.1459224 -0.30141106 -0.27100164 -0.13988331 -0.38418457 -0.17992544 0.17409587 0.12759095 -0.1159656 0.2788766
bloqueo -0.09654436 0.064190365 0.124568835 -0.15984116 -0.12725522 -0.43796775 -0.003655796 -0.15218851 0.061639495 -0.26446474 -0.09372079 0.11312791 0.0903507 -0.06349615 -0.13137442 -0.19857037 -0.19228898 0.18097845 -0.06817261 -0.0020376458 -0.12962435 -0.27610227 -0.25769523 -0.12903564 -0.33534446 -0.15185274 0.14882345 0.12704977 -0.086391784 0.24231005
informamos -0.111014746 0.05531844 0.12923947 -0.1882356 -0.13035308 -0.47232503 0.010964777 -0.16727175 0.081853606 -0.27129403 -0.09637519 0.12277312 0.085941516 -0.06578916 -0.16404004 -0.22683081 -0.19521387 0.18579093 -0.074870534 -0.016388975 -0.13288851 -0.30545142 -0.25303027 -0.12563843 -0.3770888 -0.17152846 0.15163998 0.14133622 -0.09345692 0.26772884
proceso -0.07649236 0.041406665 0.11754275 -0.16359814 -0.10551553 -0.3867594 -0.010543285 -0.13290405 0.050191306 -0.22882682 -0.08438864 0.075890996 0.065880194 -0.047825757 -0.11730856 -0.17192082 -0.14491948 0.1614167 -0.061137114 0.0015239442 -0.11740423 -0.24557666 -0.22931135 -0.11494551 -0.3142508 -0.13211499 0.12672602 0.117368646 -0.07036906 0.20516212
cesion -0.08719679 0.07352241 0.13815825 -0.1963681 -0.1265156 -0.470059 -0.00045269754 -0.17120056 0.06359256 -0.29997212 -0.10064367 0.12814921 0.09863113 -0.045542654 -0.14749789 -0.2135496 -0.1769801 0.21002993 -0.08740906 -0.032245833 -0.11365868 -0.30905837 -0.24927051 -0.12256257 -0.36521953 -0.1679375 0.15865304 0.11714259 -0.09906126 0.27086762
fecha -0.075404905 0.042406406 0.08235258 -0.14660229 -0.10968876 -0.35255352 -0.0086588 -0.12157095 0.058175344 -0.19633505 -0.06969889 0.07656383 0.06620245 -0.028416999 -0.09702423 -0.17154089 -0.1571225 0.13234505 -0.063228264 -0.0057876157 -0.09395099 -0.23001531 -0.2016044 -0.101376876 -0.2590295 -0.119460635 0.119267985 0.092401825 -0.064969026 0.1972214
derechos -0.10811389 0.054084845 0.13054328 -0.18931684 -0.12992169 -0.52358747 0.0073944177 -0.18693553 0.068970546 -0.31852132 -0.11382331 0.13713235 0.11581079 -0.074433066 -0.17408052 -0.25001827 -0.20480172 0.20540735 -0.07962517 -0.007031673 -0.12796426 -0.33963668 -0.2930006 -0.13447978 -0.38819277 -0.17435212 0.1908722 0.14812061 -0.09062785 0.2931244
envia -0.05896256 0.01864868 0.0825364 -0.087820865 -0.083248585 -0.25426853 -0.00892678 -0.08814916 0.049380783 -0.14661683 -0.06820003 0.061417215 0.03116012 -0.026234636 -0.07184844 -0.12862773 -0.1047279 0.09453646 -0.03488227 -0.023983331 -0.063654006 -0.14472584 -0.15140986 -0.08088743 -0.19239168 -0.070163205 0.081001475 0.059143193 -0.045368858 0.12321086
informacion -0.05011189 0.04376599 0.08718208 -0.12590073 -0.090248026 -0.30373144 -0.008522695 -0.08762174 0.056152802 -0.191596 -0.072668485 0.07942561 0.06565094 -0.027417814 -0.099673264 -0.13563652 -0.13132885 0.13348088 -0.061814263 -0.010580467 -0.07242351 -0.17411497 -0.16256553 -0.09632749 -0.23253301 -0.10666675 0.10896442 0.06387384 -0.06309761 0.17755209
proveedor -0.058732744 0.026472876 0.064316764 -0.10827385 -0.08724548 -0.26180196 -0.004448117 -0.10204422 0.03753803 -0.1503366 -0.051713113 0.06571096 0.05599781 -0.041442 -0.08690817 -0.10805251 -0.09894757 0.10439453 -0.044352915 -0.009946325 -0.084432974 -0.18079066 -0.13319924 -0.08970987 -0.19886836 -0.09911105 0.09718127 0.06481683 -0.0458342 0.16360848
cxp -0.0595354 0.045424037 0.08573684 -0.12630714 -0.08468142 -0.31138864 0.003244596 -0.10606387 0.05018924 -0.19103882 -0.058748547 0.061330937 0.04909194 -0.03848489 -0.11131428 -0.14063208 -0.13073695 0.11692673 -0.05213532 -0.0052077724 -0.08194339 -0.21021606 -0.18596736 -0.08296655 -0.2394928 -0.11128878 0.12138964 0.096867956 -0.046096746 0.1868945
atencion -0.0706923 0.029303052 0.08206187 -0.13125359 -0.09763949 -0.35167506 0.009811513 -0.11580088 0.04396173 -0.18597247 -0.059261348 0.06574431 0.049606815 -0.026851948 -0.08922593 -0.15213995 -0.13647617 0.14376146 -0.053661663 -0.020915056 -0.089542195 -0.22683136 -0.19724932 -0.10531838 -0.26744834 -0.12587191 0.10695476 0.07980743 -0.07172787 0.18444796
coordinacion -0.0778006 0.048798755 0.09483862 -0.11042562 -0.072234936 -0.31446892 0.007887094 -0.097342595 0.0540344 -0.18625857 -0.06660642 0.084024124 0.050574787 -0.036982678 -0.095087916 -0.14699018 -0.1118966 0.12729353 -0.03749068 -0.0073274677 -0.0907855 -0.19762793 -0.17553414 -0.0694783 -0.24612452 -0.09367889 0.10940698 0.06470016 -0.0472154 0.17547081
requerimiento -0.0675508 0.044744104 0.08021287 -0.13232307 -0.10469772 -0.32653567 0.009552433 -0.099232115 0.06155453 -0.19128783 -0.07901626 0.08966806 0.06011203 -0.023304801 -0.10675018 -0.15946722 -0.13395056 0.13398968 -0.052250963 -0.002274261 -0.07559153 -0.21915734 -0.1928263 -0.10615412 -0.25796163 -0.1196405 0.11050657 0.09383618 -0.051435504 0.1724204
informa -0.034755945 0.03193885 0.05031498 -0.082443334 -0.03647189 -0.1820093 0.018089525 -0.062701054 0.011938771 -0.12016852 -0.024285845 0.031927127 0.026951661 -0.034012258 -0.047808345 -0.07748321 -0.071123436 0.060226284 -0.04445984 0.0032895168 -0.059115704 -0.12676536 -0.08830216 -0.050230134 -0.14633857 -0.070804015 0.063923866 0.041010078 -0.045998152 0.104270585
envio -0.10616114 0.0664025 0.12893723 -0.19418028 -0.12946312 -0.4926079 0.019771904 -0.14641395 0.06607602 -0.2711212 -0.10190556 0.10457801 0.10734768 -0.048702754 -0.13848473 -0.2143033 -0.17862767 0.20380823 -0.07010614 -0.021383898 -0.13790254 -0.31491542 -0.2833929 -0.14195473 -0.38235027 -0.16966692 0.16544114 0.1170578 -0.09489232 0.28530318
dia -0.06571528 0.05491972 0.09377248 -0.12988624 -0.11283055 -0.34918746 0.0036465582 -0.12862046 0.06374119 -0.20148608 -0.085419975 0.0900929 0.081425436 -0.026610302 -0.097629964 -0.15683131 -0.13548064 0.14668494 -0.042900633 -0.021498432 -0.10487051 -0.22053981 -0.2036987 -0.109066725 -0.28350967 -0.12415876 0.10478383 0.09551139 -0.06990039 0.18655498
contingencia -0.044416245 0.032189693 0.052392896 -0.10491626 -0.05195499 -0.23868206 0.0069035203 -0.07062645 0.051175237 -0.12862891 -0.048491742 0.04459761 0.045937553 -0.029561142 -0.07136659 -0.12145798 -0.11084038 0.086234465 -0.040141895 -0.013972494 -0.0514646 -0.14691718 -0.12529892 -0.0742674 -0.19160442 -0.07181819 0.09508803 0.060235213 -0.057764865 0.14724274
electronico -0.04763442 0.01009909 0.041218758 -0.059242476 -0.069123834 -0.18659848 -0.008754343 -0.069888495 0.0322809 -0.121405594 -0.04915725 0.059347093 0.028310075 -0.015884709 -0.05146037 -0.08929675 -0.06248972 0.065164365 -0.021458324 0.006022733 -0.06325409 -0.10342073 -0.109841466 -0.050501484 -0.13033453 -0.07447085 0.05515315 0.037605625 -0.023087133 0.09003921
radicado -0.07959956 0.05896769 0.09533644 -0.12552764 -0.08459538 -0.33945876 0.00545503 -0.11064817 0.03994191 -0.21001527 -0.08540694 0.06965575 0.06376066 -0.04225049 -0.113304615 -0.1571951 -0.13976917 0.12407387 -0.03388352 0.0034495846 -0.10143636 -0.21218526 -0.19669978 -0.09141157 -0.2532978 -0.097424336 0.12758556 0.07791872 -0.055487484 0.17368726
posible -0.03708301 0.02910098 0.06992178 -0.07932242 -0.06287803 -0.23713605 0.00979996 -0.064685 0.04142082 -0.14863992 -0.036420796 0.043248218 0.060826708 -0.036500975 -0.07631425 -0.10415119 -0.0887975 0.10262851 -0.03430707 0.00034523837 -0.059050623 -0.13474691 -0.14048457 -0.053365294 -0.17456424 -0.08429384 0.07933633 0.06293801 -0.032577302 0.12577823
estimado -0.06560461 0.038937185 0.058635566 -0.10075235 -0.058984917 -0.2528641 -0.012682888 -0.06976625 0.041774202 -0.14948556 -0.055832624 0.054650106 0.035702515 -0.044147093 -0.06736077 -0.09936615 -0.112344265 0.11165741 -0.038919453 -0.019117964 -0.0826983 -0.1585268 -0.12848657 -0.08521715 -0.17600685 -0.07503673 0.0869875 0.049716793 -0.045277134 0.14669627
informar -0.05504758 0.03988967 0.07687167 -0.113992766 -0.0941034 -0.32728833 0.0029166045 -0.097732954 0.03872501 -0.19217631 -0.06639681 0.06463883 0.0618956 -0.035140373 -0.09524716 -0.15707871 -0.12953264 0.13469414 -0.04477476 -0.011758903 -0.097218685 -0.21526721 -0.16427557 -0.09735214 -0.26309237 -0.107586205 0.09781534 0.08159597 -0.06954461 0.18052518
presenta -0.053939994 0.028759662 0.10264941 -0.14093634 -0.08257427 -0.32591608 0.014425205 -0.123037964 0.059053637 -0.20249176 -0.08280295 0.08749439 0.069330044 -0.032264408 -0.1172364 -0.13942212 -0.13147518 0.14020728 -0.052919026 -0.00684789 -0.08100078 -0.19319355 -0.16950352 -0.094843805 -0.25459313 -0.12599303 0.11664122 0.073723346 -0.078655005 0.1759043
coordinacioncxp -0.0893726 0.04477379 0.09930153 -0.13340291 -0.091811545 -0.37351707 0.0048162984 -0.10872848 0.04359091 -0.20824614 -0.06847571 0.09442847 0.08738005 -0.038196567 -0.12191596 -0.16211408 -0.15679783 0.15328993 -0.05049073 -0.005885706 -0.11212668 -0.23109506 -0.20292023 -0.111178495 -0.2796786 -0.12571368 0.13139379 0.08595346 -0.08895574 0.22270477
encuentra -0.068813436 0.05767304 0.087659925 -0.14245945 -0.101974584 -0.31614456 0.0069251494 -0.09315602 0.049924567 -0.20370033 -0.064030595 0.08741172 0.0668069 -0.046062894 -0.08579677 -0.14624423 -0.14306122 0.13775088 -0.044335123 -0.007495573 -0.100906424 -0.2037215 -0.17301902 -0.10787125 -0.23864484 -0.12349892 0.09763026 0.09534706 -0.05581441 0.18297805
contabilizada -0.060741093 0.034903906 0.08236288 -0.11983108 -0.068390414 -0.30071253 0.012763572 -0.09862667 0.04887956 -0.18718058 -0.06505067 0.08426801 0.06960415 -0.04230034 -0.08686436 -0.15261964 -0.13086541 0.11889198 -0.03444789 -0.014411414 -0.07134276 -0.17657621 -0.17817304 -0.09000794 -0.23702858 -0.105262004 0.112798996 0.076965086 -0.07367014 0.17456761
validacion -0.06584271 0.052422475 0.082509264 -0.12083302 -0.08380819 -0.295241 -0.0009883557 -0.09588499 0.038710594 -0.17619507 -0.0778595 0.056465253 0.067936756 -0.02604941 -0.07865248 -0.14245947 -0.12723874 0.10183071 -0.040903494 -0.015591606 -0.08900892 -0.19206204 -0.15229903 -0.06914273 -0.2185318 -0.08210306 0.11529588 0.060260177 -0.07305327 0.17143317
mecanismo -0.056558177 0.03735835 0.07638705 -0.102854624 -0.06289144 -0.2450937 -0.011207885 -0.092724875 0.035390344 -0.12877585 -0.058929004 0.05994223 0.047329705 -0.018022941 -0.086971484 -0.11723054 -0.08988797 0.07740526 -0.024899157 -0.0049171536 -0.053711258 -0.15678972 -0.14044024 -0.050586596 -0.16056871 -0.07944301 0.07505236 0.068719365 -0.05116208 0.12924893
acreedor -0.042528912 0.03986399 0.05564701 -0.10934972 -0.08185828 -0.22687373 0.018120082 -0.062183198 0.028888931 -0.15167026 -0.03586782 0.049086828 0.048072573 -0.025704386 -0.08526124 -0.09503972 -0.083120026 0.09072892 -0.049021088 -0.013804893 -0.08049321 -0.13892035 -0.1340914 -0.053962562 -0.1701111 -0.06523145 0.09253147 0.07617442 -0.052089695 0.1253966
economicos -0.08706412 0.05126622 0.09060375 -0.14030646 -0.112984166 -0.35350195 -0.004884833 -0.11180574 0.038410723 -0.22704917 -0.06588378 0.083883695 0.054397423 -0.053708702 -0.12449533 -0.15950039 -0.13299038 0.15262061 -0.053310934 -0.013823911 -0.08082703 -0.21419024 -0.19716927 -0.10514584 -0.28416744 -0.11734801 0.10873342 0.09684451 -0.06664214 0.20667702
factoring -0.058822297 0.036023144 0.08146561 -0.10653708 -0.0659439 -0.30447662 -0.009094417 -0.086429045 0.029597769 -0.16857648 -0.05085636 0.051342975 0.052932944 -0.02865638 -0.08596694 -0.11873964 -0.12674962 0.105292395 -0.029241022 -0.01574163 -0.06319125 -0.19350952 -0.1613637 -0.080492355 -0.23484027 -0.08236959 0.09591625 0.07580629 -0.07281527 0.16323847
atendiendo -0.047527894 0.044505678 0.06944466 -0.11641216 -0.081635125 -0.2730331 0.0042675957 -0.10139598 0.022280809 -0.16746181 -0.06380613 0.052667327 0.041434154 -0.046479966 -0.08298628 -0.10817945 -0.12149817 0.11253249 -0.034106314 0.0035448177 -0.07241857 -0.15393472 -0.14646998 -0.07616609 -0.20934904 -0.07488283 0.08573812 0.0821161 -0.052413695 0.15952513
enviado -0.05787757 0.03968812 0.06069239 -0.08841544 -0.07834991 -0.2531158 0.0076052104 -0.096569024 0.03499935 -0.15630597 -0.04950065 0.04792579 0.058098376 -0.041385934 -0.083899684 -0.12754834 -0.09912405 0.08928257 -0.04689827 -0.0010778096 -0.07107564 -0.17332748 -0.1471731 -0.06169848 -0.20781562 -0.09650255 0.08437828 0.08039579 -0.05465247 0.14788797
validar -0.03179712 0.01630414 0.05449022 -0.10056496 -0.06704222 -0.23001944 -0.013437953 -0.084772795 0.027392475 -0.14333414 -0.050754145 0.06791974 0.0377715 -0.04182552 -0.086666346 -0.10577929 -0.07378131 0.08636058 -0.037798446 -0.006566878 -0.075099275 -0.13413928 -0.13623965 -0.066322565 -0.18274584 -0.07120115 0.08732012 0.06531853 -0.05480085 0.13576154
notificacion -0.028851856 0.031765852 0.025995512 -0.06668978 -0.037981637 -0.16793613 0.011521556 -0.05921282 0.030710487 -0.10659575 -0.023190573 0.028671848 0.04271527 -0.0053616203 -0.03576413 -0.06981266 -0.07060742 0.05019509 -0.034837876 -0.018859582 -0.05141682 -0.09354669 -0.09237311 -0.05915012 -0.11196436 -0.05652625 0.06454235 0.04316051 -0.046099238 0.08022601
causacion -0.08302624 0.055956088 0.10024585 -0.1592266 -0.12065488 -0.3968057 0.015549905 -0.1447032 0.057098497 -0.248316 -0.090123594 0.093079895 0.07212033 -0.039661385 -0.12083111 -0.17068347 -0.14173609 0.14665855 -0.060696 -0.012652615 -0.11137468 -0.23284835 -0.22225578 -0.12677495 -0.29344353 -0.13874847 0.15106635 0.10465064 -0.080642074 0.23303047
sistema -0.045143653 0.019876994 0.065140076 -0.07297035 -0.044585817 -0.18770392 -0.014971775 -0.06113185 0.027469592 -0.10857906 -0.044256974 0.02949955 0.04561576 -0.0243458 -0.055638358 -0.086960666 -0.08032158 0.0842911 -0.014185905 -0.0029540858 -0.05562872 -0.11800629 -0.110045105 -0.04020817 -0.13219655 -0.050656088 0.07034984 0.062025595 -0.026850905 0.1008181
solicitudndo -0.043826565 0.018347526 0.04981115 -0.072641976 -0.04277791 -0.20434095 0.006229377 -0.06871226 0.022987226 -0.10949565 -0.0475083 0.04345028 0.024723968 -0.012516494 -0.049342096 -0.094598286 -0.09537021 0.09840834 -0.02089718 -0.009306497 -0.058815625 -0.12660761 -0.1001156 -0.07202016 -0.16047135 -0.0665379 0.079542756 0.06504719 -0.03530467 0.12281211
alterno -0.05268964 0.015128362 0.06970274 -0.07831268 -0.0761014 -0.22138608 -0.0025076924 -0.087868944 0.04455493 -0.14177464 -0.04989485 0.06585099 0.043918297 -0.025505574 -0.068748586 -0.10785747 -0.08543191 0.08524 -0.04208609 0.005053496 -0.06293623 -0.12756573 -0.13088161 -0.059434913 -0.15862201 -0.05870252 0.071612224 0.065989874 -0.03899678 0.12823486
responde -0.036368962 0.024632234 0.016898066 -0.039520882 -0.027301036 -0.10869205 0.0075212866 -0.04590659 0.0042109406 -0.06958003 -0.024847107 0.01034877 0.0061595635 -0.008101054 -0.031877086 -0.04884345 -0.041732114 0.031113695 -0.031588335 -0.0040334086 -0.039038584 -0.05974935 -0.06325647 -0.02517592 -0.08134185 -0.023900896 0.019346803 0.03147223 -0.020891355 0.039150495
persona -0.04003747 0.037382532 0.073840395 -0.07169901 -0.055464663 -0.2064824 0.00031997875 -0.06287341 0.022805514 -0.12297785 -0.040937416 0.0508574 0.03383117 -0.013812213 -0.07047842 -0.090216085 -0.088436686 0.10402845 -0.04620468 -0.0010397969 -0.051080223 -0.15391926 -0.13591221 -0.07353133 -0.16429365 -0.05825163 0.09008665 0.066233665 -0.055862226 0.12565438
genera -0.04830515 0.017694423 0.05346447 -0.051820498 -0.053284593 -0.16110821 0.008492135 -0.057899408 0.034115925 -0.08812095 -0.04490238 0.026118126 0.03127675 -0.035293423 -0.042291343 -0.076976135 -0.060069412 0.06352295 -0.013510618 -0.005221266 -0.056368686 -0.10521765 -0.08383994 -0.06175041 -0.114359915 -0.0706908 0.06402876 0.055322845 -0.04597503 0.10640422
filtro -0.014172677 0.026222259 0.039466113 -0.044114187 -0.04357372 -0.1283847 -0.0007542466 -0.05439139 0.016676685 -0.09388661 -0.03493945 0.030634657 0.028081559 -0.021438614 -0.05544873 -0.06241621 -0.044395532 0.06497826 -0.023013769 -0.014798324 -0.04341937 -0.08283279 -0.08044404 -0.041668467 -0.09538306 -0.031064693 0.056105092 0.037134696 -0.022672273 0.060112618
administrador -0.038579807 0.024410786 0.05044837 -0.06644769 -0.05968118 -0.18418357 -0.011837339 -0.07164491 0.02692136 -0.10424781 -0.05178463 0.026510224 0.04415343 -0.027836442 -0.061790522 -0.08384834 -0.07350844 0.08405162 -0.011443557 -0.010062149 -0.04069779 -0.11050361 -0.08621658 -0.042058904 -0.12635246 -0.060009364 0.06994038 0.041857865 -0.01907661 0.099822104
consulta -0.045410775 0.026469402 0.07850759 -0.11703491 -0.09398619 -0.29891926 0.015591427 -0.10365636 0.03136662 -0.17349383 -0.06468665 0.05059983 0.048743285 -0.038675666 -0.07824094 -0.14023478 -0.11550564 0.11668351 -0.034597583 -0.009808065 -0.06861125 -0.19290633 -0.14759056 -0.07113214 -0.21499494 -0.0888765 0.1122022 0.082370825 -0.07058825 0.14611739
seguridad -0.032366175 0.02790249 0.040892214 -0.07562898 -0.039259467 -0.15878579 0.0060865385 -0.045845974 0.02536536 -0.08758389 -0.025658373 0.032895457 0.030155145 -0.034899265 -0.037726037 -0.059728127 -0.06604612 0.07375097 -0.027934836 -0.00392647 -0.0462221 -0.09691461 -0.09391807 -0.04511482 -0.12521036 -0.051601604 0.05103882 0.038115297 -0.04140852 0.102916926
documento -0.04221944 0.01861149 0.031461526 -0.0582703 -0.03150891 -0.13434254 0.010795685 -0.050575588 0.029427832 -0.07726534 -0.019827202 0.046709813 0.014643275 -0.0010177031 -0.030062992 -0.07007184 -0.05109064 0.06828295 -0.031791735 -0.00077987683 -0.042305317 -0.09918382 -0.08007082 -0.039434794 -0.10249476 -0.049613655 0.037419375 0.02567992 -0.03123966 0.09153708
ventanillas -0.04708056 0.026342334 0.061167594 -0.09920486 -0.056872126 -0.25447205 0.00069736596 -0.09318458 0.030946955 -0.15761155 -0.043545574 0.058472194 0.038205456 -0.046229932 -0.09028606 -0.12847312 -0.109500796 0.08738578 -0.027313793 -0.0051267953 -0.070686415 -0.17014906 -0.12711953 -0.06804347 -0.18074341 -0.09917817 0.09107245 0.07792248 -0.060350496 0.15367301
tramite -0.05294342 0.040639624 0.082918674 -0.09803802 -0.08481708 -0.26355946 0.0033829669 -0.094614424 0.043809902 -0.13773859 -0.058909614 0.063981146 0.042629417 -0.014920048 -0.072828956 -0.1307948 -0.11437253 0.11040545 -0.042283267 -0.02032867 -0.07062607 -0.17404541 -0.15090376 -0.05749125 -0.19320807 -0.1022966 0.07745652 0.07275468 -0.043662723 0.13421477
registra -0.047361884 0.010502123 0.048678488 -0.05558677 -0.037621833 -0.18464127 0.0037770162 -0.06701134 0.02314043 -0.110935725 -0.03144809 0.038343385 0.018151265 -0.029435646 -0.047729637 -0.08804493 -0.08211212 0.07032266 -0.013635 -0.012599727 -0.05894147 -0.10537148 -0.08507452 -0.04548627 -0.15196581 -0.050008442 0.05884593 0.051536504 -0.041208327 0.10751263
fin -0.048662797 0.02957109 0.05818022 -0.09630127 -0.05028213 -0.24637933 -0.00573722 -0.07333092 0.046823516 -0.13856259 -0.068013154 0.044624962 0.048193447 -0.01215568 -0.06581062 -0.101914756 -0.07822792 0.10009853 -0.050982974 0.0018939984 -0.06546935 -0.13271734 -0.13290824 -0.08022771 -0.1784503 -0.072052315 0.07605836 0.06220847 -0.05467784 0.14449638
cargo -0.039461266 0.010884365 0.041281827 -0.0946452 -0.054039285 -0.2220047 0.013731254 -0.05459532 0.01736562 -0.11617609 -0.054699734 0.03889267 0.048373334 -0.009076352 -0.06919742 -0.10331242 -0.08768587 0.086320706 -0.04534136 -0.020512098 -0.046204142 -0.12622458 -0.12429368 -0.050503306 -0.163386 -0.056358073 0.06885686 0.041449755 -0.04057278 0.10821162
indica -0.022398187 0.01733252 0.038868915 -0.07340678 -0.03285696 -0.16840258 -0.00867635 -0.037887864 0.0056977994 -0.08737423 -0.046674334 0.051033735 0.03396965 -0.013550478 -0.035389103 -0.085630804 -0.05546785 0.06315971 -0.013262872 -0.0008640731 -0.04908524 -0.09178165 -0.09400229 -0.059693888 -0.12927456 -0.04499228 0.04401227 0.025345922 -0.022276059 0.091441534
mismo -0.04810737 0.025015797 0.085479595 -0.10427411 -0.06855057 -0.307089 0.00047997065 -0.0930042 0.052221894 -0.17446274 -0.06924437 0.07778871 0.074025445 -0.03134479 -0.10200235 -0.1356495 -0.11078536 0.13334401 -0.044914186 -0.010694151 -0.085301764 -0.19763155 -0.15774469 -0.099723995 -0.22873957 -0.11261967 0.119011305 0.08074218 -0.045309264 0.17682715
medio -0.046621263 0.039482467 0.063017584 -0.08351955 -0.07286274 -0.19329537 -0.012944068 -0.06598685 0.028666839 -0.12880464 -0.043006882 0.046474326 0.02457967 -0.020087577 -0.06481702 -0.09491114 -0.08221957 0.0735341 -0.026299736 -0.022610983 -0.061444227 -0.1300809 -0.123849325 -0.04145128 -0.14996387 -0.06389024 0.087158576 0.07020692 -0.025668519 0.104319066
endosadas -0.07463436 0.02829421 0.093462914 -0.12660511 -0.07652882 -0.29276058 0.016634611 -0.103291035 0.029634777 -0.19127071 -0.07926335 0.06886281 0.070963584 -0.026026271 -0.1023578 -0.13306163 -0.10745938 0.13243048 -0.03507687 -0.001966809 -0.0803152 -0.19129267 -0.17663935 -0.088250436 -0.21520795 -0.11331319 0.089012116 0.08967166 -0.066522524 0.1492717
contrato -0.018866688 0.032174233 0.030184034 -0.05262193 -0.037904248 -0.15056154 0.0155505305 -0.04566022 0.022795947 -0.09088269 -0.029466838 0.033239007 0.04605703 -0.027266515 -0.058692526 -0.062747896 -0.070949964 0.055556245 -0.012553144 -0.015832182 -0.03186386 -0.086211346 -0.07831287 -0.05951471 -0.13510643 -0.069870286 0.07353329 0.030209996 -0.042905904 0.092713185
aplica -0.029017333 0.03503853 0.057670925 -0.08086432 -0.06322076 -0.16775039 0.014025423 -0.061249293 0.023067411 -0.11391974 -0.049547322 0.046605356 0.03717677 -0.029001718 -0.0691552 -0.09106561 -0.051574185 0.07958129 -0.023358049 -0.002761242 -0.046960797 -0.11811754 -0.08236823 -0.041981798 -0.117746405 -0.06161119 0.04507498 0.029422112 -0.042437155 0.10876348
unicamente -0.022998571 0.03041156 0.03159643 -0.06519888 -0.02269103 -0.14094764 0.010077435 -0.046156242 0.0053101797 -0.061481006 -0.036693994 0.02297478 0.017652858 -0.017743537 -0.025036586 -0.069565475 -0.044535585 0.068264075 -0.03437882 0.0013950316 -0.043612484 -0.064072624 -0.082750954 -0.021474134 -0.103153564 -0.034974914 0.039326824 0.030738855 -0.04103578 0.08089394
radicadas -0.029697327 0.014836254 0.027702514 -0.04714466 -0.03347546 -0.16000512 0.0018558605 -0.032961097 0.03409434 -0.089114554 -0.042778734 0.02418349 0.026262246 -0.033263687 -0.044481326 -0.06407249 -0.073873654 0.0688353 -0.017884284 -0.016770344 -0.028274043 -0.10227375 -0.07874142 -0.04086618 -0.10817075 -0.035357617 0.04475868 0.034433093 -0.025972145 0.085663036
fisico -0.012658223 0.022211311 0.035409223 -0.0645544 -0.0465144 -0.14064844 -0.0154955555 -0.041689873 0.021440385 -0.090760134 -0.013261242 0.04079511 0.018845636 -0.02898017 -0.038028914 -0.06950357 -0.06349907 0.05281838 -0.01984126 0.011981459 -0.042998392 -0.07978218 -0.09044268 -0.041734952 -0.11044523 -0.03368215 0.059103638 0.03580872 -0.011199716 0.0663426
datos -0.035185177 0.023692641 0.058163784 -0.06667339 -0.06681746 -0.19537345 0.010435286 -0.049971458 0.017712448 -0.10768753 -0.038449015 0.048917677 0.050432615 -0.033089384 -0.07580832 -0.07462096 -0.07205475 0.08998125 -0.020608408 -0.0021876402 -0.054095466 -0.114230976 -0.09298409 -0.068277664 -0.16103646 -0.0724816 0.06546599 0.05227708 -0.049478386 0.103368655
empresa -0.053444482 0.021190105 0.07275733 -0.098220125 -0.06651454 -0.2233492 0.017689222 -0.085247755 0.03734098 -0.14367414 -0.061481547 0.042851217 0.042005017 -0.035334606 -0.08184931 -0.108553246 -0.094394684 0.0725432 -0.025396222 -0.022016907 -0.056793846 -0.14475879 -0.13337925 -0.059823923 -0.15397651 -0.06470014 0.09091776 0.043994837 -0.049372017 0.112675935
fbra -0.044236433 0.030239664 0.057618335 -0.06431404 -0.0398117 -0.19433264 0.0025108727 -0.062877 0.012657289 -0.10083902 -0.041410606 0.037394013 0.04089226 -0.022903634 -0.0686607 -0.07669909 -0.09048301 0.09246964 -0.026985513 -0.008669078 -0.059746165 -0.12790999 -0.11749409 -0.05001891 -0.13464603 -0.051066414 0.070074104 0.05650673 -0.052000433 0.10724814
tan -0.06948686 0.03296972 0.06631835 -0.108962506 -0.08024643 -0.30513516 0.015587134 -0.10451913 0.036519647 -0.18701124 -0.06494178 0.075274505 0.068722546 -0.025722003 -0.07662482 -0.12791772 -0.12401678 0.124555066 -0.054991055 -0.01946353 -0.09322263 -0.17629044 -0.15603237 -0.09602704 -0.21167469 -0.08982697 0.08841199 0.09111335 -0.060076673 0.16421904
pronto -0.046386644 0.055094987 0.06435388 -0.1305013 -0.098687574 -0.30682236 -0.0043146615 -0.11412695 0.058175214 -0.18236017 -0.07396223 0.080958776 0.06417533 -0.04324928 -0.098449595 -0.13243562 -0.11388773 0.10460471 -0.048051786 0.0013969949 -0.08508593 -0.19612321 -0.15947744 -0.08715675 -0.2184303 -0.09447299 0.11300436 0.08804133 -0.06968977 0.15486363
verifique -0.05968977 0.046848 0.07977437 -0.10953821 -0.057878498 -0.24395855 -0.013850219 -0.089128114 0.02303821 -0.14298432 -0.06400435 0.07138983 0.042019404 -0.04111259 -0.092838846 -0.1250136 -0.09874303 0.09406567 -0.047841787 -0.019458989 -0.062911205 -0.16982193 -0.1509412 -0.06339952 -0.20011793 -0.08265561 0.09177159 0.055484936 -0.054910254 0.1437131
solucionado -0.027479358 0.01660041 0.037990283 -0.0797637 -0.04944045 -0.18616378 0.008883384 -0.04926257 0.017005552 -0.1005808 -0.052468877 0.052370384 0.052267514 -0.03427584 -0.05144306 -0.09475488 -0.09147469 0.08460287 -0.025279049 -0.022034476 -0.06130633 -0.13418303 -0.11019264 -0.06672072 -0.14520282 -0.061267257 0.058823988 0.0657223 -0.038476728 0.0942961
radican -0.07922157 0.028387152 0.08052967 -0.13152386 -0.07744432 -0.30557317 -0.013902331 -0.10222342 0.056049243 -0.18272878 -0.0563129 0.082571454 0.048153635 -0.032227613 -0.10554754 -0.1484888 -0.11613322 0.121906035 -0.047279894 0.005204159 -0.0825399 -0.19946769 -0.17116548 -0.09059756 -0.22253774 -0.11007875 0.106909975 0.08176536 -0.058069296 0.18085656
