231 30
solicitud 0.07916561 0.20750825 -0.26431358 -0.29323256 0.6185585 -0.26673648 -0.15515815 -0.037549064 0.18018714 -0.6825333 0.0007916456 0.353389 -0.062049642 -0.33948794 0.10290599 0.013361311 -0.034152996 0.11216657 -0.012065233 -0.23299721 -0.6289867 -0.023466447 0.20390116 -0.32685208 -0.44375837 0.17454264 -0.14805792 -0.08691051 0.07953241 -0.058925718
comite 0.12733392 0.030917285 -0.27630678 -0.27706042 0.5720254 -0.6063948 -0.17164439 -0.016582878 0.3177119 -0.75761694 -0.08080723 0.7061358 -0.11355648 -0.27059564 0.26647636 0.13156241 0.10848376 0.14376509 -0.034995925 -0.31558028 -0.80148697 0.029247157 0.19863527 -0.37832004 -0.7945697 0.33569375 -0.35985714 -0.029068094 0.17880023 -0.23025079
educacion 0.07585947 -0.0049083317 -0.29818422 -0.43180054 0.5475855 -0.7339416 -0.13198462 -0.06619169 0.4026015 -0.7389504 -0.048718523 0.9740558 -0.0726881 -0.18606639 0.48521549 0.29175088 0.1757343 0.22000438 -0.13379706 -0.39746886 -0.95114386 0.047546446 0.22071826 -0.46751788 -0.99752986 0.4126032 -0.3912467 -0.08946105 0.25880587 -0.26168883
beca 0.32708964 0.29537836 -0.13766983 -0.37363407 0.500244 -0.08137693 -0.1852116 -0.2742987 0.39455524 -0.4986559 -0.115013756 0.3620674 -0.05781982 -0.27469894 -0.18689416 0.31848234 0.007555458 -0.033517294 -0.2577007 -0.2990365 -0.9688472 0.09586628 0.30564368 0.038659226 -0.49628967 0.14938508 0.103643216 -0.17361036 0.09276529 -0.06672313
proximo 0.17642182 0.07341448 -0.23620807 -0.39463854 0.5485457 -0.7059354 -0.049846552 -0.16567245 0.55490214 -0.7915791 -0.1069873 0.93793285 0.043737467 -0.25590783 0.2945652 0.32584617 0.08986949 0.05559244 -0.15811685 -0.38485235 -0.9750296 0.11418384 0.30195025 -0.30578002 -0.91906846 0.40335816 -0.31781834 -0.17895363 0.19945176 -0.21176177
atencion 0.27988032 0.05989124 -0.2768007 -0.3457583 0.5502562 -0.65629315 -0.1466418 -0.21662787 0.51961416 -0.66671705 -0.16558619 0.8381058 -0.013210014 -0.19403388 0.20646457 0.36877927 0.049300827 0.034079883 -0.2152364 -0.33499405 -1.0374615 0.16692296 0.3114068 -0.20935234 -0.9116803 0.33650213 -0.26271483 -0.1008716 0.16065994 -0.2523985
respuesta 0.36136132 0.08266324 -0.1556301 -0.44268715 0.56312764 -0.6946744 -0.12995395 -0.20991835 0.63729525 -0.5575239 -0.18190236 1.0926294 -0.035288893 -0.099461176 0.21816513 0.5112492 0.16000177 0.006310338 -0.2810267 -0.5469645 -1.2484457 0.28615743 0.35807577 -0.22531322 -1.024522 0.47550604 -0.23929371 -0.20202045 0.127517 -0.35282573
traves 0.32885522 0.0966991 -0.12536164 -0.57580644 0.53897333 -0.72262347 -0.015377337 -0.21440148 0.7840189 -0.68233484 -0.23173998 1.1900866 0.07835862 -0.14448562 0.24440931 0.6076172 0.072902374 -0.07894988 -0.3974414 -0.6310177 -1.2938273 0.30375913 0.38644668 -0.25484827 -1.0558597 0.49949983 -0.19760625 -0.3330482 0.19494809 -0.31804293
llevara 0.2877887 0.044005487 -0.17532144 -0.49025065 0.57971454 -0.85412484 -0.02478127 -0.20732896 0.7217969 -0.7102665 -0.21736936 1.1766442 -0.005508852 -0.14914961 0.3056977 0.5278288 0.1282209 0.0077065863 -0.2865528 -0.48914236 -1.2336175 0.2872741 0.3628009 -0.29973257 -1.1458364 0.4637544 -0.27558315 -0.20833841 0.20896488 -0.32871616
comunicacion 0.36470798 0.06554254 -0.063811265 -0.55847 0.56949437 -0.81231505 -0.062423732 -0.29926416 0.76981884 -0.596911 -0.2336126 1.3029399 -0.067109436 -0.048497263 0.31098342 0.6676471 0.20031054 0.060649738 -0.38279018 -0.6692054 -1.4314864 0.37578592 0.386732 -0.22694746 -1.2513872 0.5076654 -0.22698933 -0.24402504 0.24690591 -0.4031466
nuestros 0.2977976 0.06547771 -0.13328846 -0.615331 0.5841457 -0.8325069 0.016043838 -0.25493187 0.7993232 -0.67608446 -0.24271986 1.3552439 0.03514859 -0.10043833 0.34745818 0.69365543 0.13594227 0.000113309245 -0.45857707 -0.70197076 -1.4258419 0.36503667 0.4311745 -0.31189018 -1.19633 0.51185346 -0.21969102 -0.38531455 0.24471991 -0.3739853
canales 0.3190556 0.07220071 -0.0901318 -0.5910771 0.6037857 -0.8003641 0.0029119975 -0.2413561 0.79180616 -0.61823094 -0.2684973 1.3563027 0.0180829 -0.040969722 0.3412635 0.61323005 0.15973905 -0.003907199 -0.41437238 -0.6518917 -1.3842076 0.3446369 0.38310915 -0.2852952 -1.1435962 0.5193438 -0.25783992 -0.29345196 0.2790534 -0.41888028
encuentra 0.46390906 0.0019041629 -0.043017153 -0.3039821 0.4598281 -0.78802377 -0.39170167 -0.3147621 0.34284705 -0.30284154 -0.18258029 0.9873404 -0.41204277 0.09926476 0.3452102 0.3888037 0.3724561 0.27660075 -0.13906704 -0.5062232 -1.378029 0.29334337 0.25097942 -0.049967654 -1.2757256 0.3907269 -0.2759425 0.20955631 0.2844217 -0.3648189
envio 0.49608198 0.052239057 0.0749372 -0.43424514 0.5658053 -0.8201698 -0.3424806 -0.33983532 0.40923294 -0.27642882 -0.20001194 1.0909628 -0.407032 0.150429 0.35410732 0.42135638 0.37735564 0.291236 -0.23235075 -0.64044666 -1.4357266 0.31089476 0.25628477 -0.05088133 -1.2864664 0.4105179 -0.27017233 0.20213193 0.27945584 -0.36226144
radicado 0.49286893 0.008494634 -0.057875946 -0.3401966 0.48886517 -0.8670921 -0.35494372 -0.4010664 0.457039 -0.39026278 -0.22285007 1.0638168 -0.34390265 0.028199552 0.25764823 0.4700118 0.33944425 0.21639445 -0.1883447 -0.48842248 -1.4340633 0.27792102 0.29902965 0.0044918098 -1.305097 0.42126888 -0.2830716 0.17802091 0.21969287 -0.37170961
cabo 0.48975652 -0.042379662 -0.022296421 -0.43354356 0.5407971 -0.9549039 -0.37125522 -0.32272565 0.42646685 -0.35271525 -0.20361142 1.2051946 -0.43504477 0.13004522 0.41814893 0.47268617 0.46866012 0.33455268 -0.24435392 -0.63118273 -1.5167738 0.29566926 0.26524627 -0.13314727 -1.4430333 0.48090708 -0.34150285 0.26021364 0.29011333 -0.47035483
vez 0.5166587 -0.027893309 0.04538342 -0.43373898 0.48358294 -0.8777085 -0.37012085 -0.3840587 0.4988763 -0.33811527 -0.24235584 1.1944653 -0.40484774 0.16601588 0.3296848 0.54980236 0.37655178 0.27325496 -0.23265344 -0.60955405 -1.5292795 0.36375678 0.26287627 -0.06196586 -1.3946329 0.42092755 -0.28932828 0.18899734 0.28219193 -0.44333902
analizado 0.56915027 -0.018767806 0.02380141 -0.423423 0.56505674 -0.916948 -0.41517538 -0.41821685 0.50797004 -0.32767895 -0.27480623 1.2911631 -0.46537423 0.19376962 0.36707214 0.54420835 0.47627172 0.2930861 -0.30264196 -0.6579957 -1.6432307 0.38941073 0.26485 -0.022939973 -1.4942198 0.4620569 -0.28056422 0.24900655 0.32035595 -0.47511113
procedera 0.55312073 -0.026289158 0.08816491 -0.47524196 0.53859144 -0.986265 -0.2949553 -0.37883863 0.5396898 -0.28184262 -0.2586086 1.3282605 -0.3915505 0.18109557 0.39438227 0.6148311 0.45119196 0.2746573 -0.31757715 -0.75743383 -1.6444087 0.38593295 0.2802891 -0.07474858 -1.4813169 0.5265681 -0.3123513 0.13719553 0.29477456 -0.48231044
semestre 0.5796028 0.10628563 0.060549222 -0.36991534 0.45375994 -0.60704595 -0.48991984 -0.3963215 0.279028 -0.093609326 -0.16036212 0.9171388 -0.5387637 0.25289595 0.23735976 0.4145099 0.4739384 0.33499914 -0.2082911 -0.53552705 -1.4610505 0.36347595 0.15911283 0.11445842 -1.1706932 0.40527633 -0.14711262 0.28149202 0.21014276 -0.3928873
durante 0.58274555 0.041783173 0.07294231 -0.44985753 0.4864769 -0.89308625 -0.39662778 -0.4435751 0.4914194 -0.19165714 -0.27459854 1.2280772 -0.5404881 0.24968179 0.3657181 0.5824962 0.49244282 0.29844454 -0.2770474 -0.6889981 -1.6848457 0.40033817 0.2841551 0.068898566 -1.5032951 0.46918935 -0.23322591 0.28240132 0.33770844 -0.48673376
dia 0.5682736 0.31023008 0.29955485 -0.55756956 0.6598831 -0.3397464 -0.435587 -0.49950662 0.26013064 0.2652347 -0.19890857 0.9230397 -0.6421911 0.4431828 0.15620315 0.5608117 0.51257944 0.4972161 -0.45183367 -0.8492878 -1.7356207 0.46381563 0.2654701 0.15515396 -1.1893299 0.35849297 0.094769955 0.25488898 0.2653182 -0.3213412
servicios 0.63693446 0.2497834 0.30811176 -0.67639345 0.64141953 -0.5398289 -0.41353482 -0.5662787 0.441748 0.21593194 -0.2902416 1.2288321 -0.60166377 0.49315205 0.29275766 0.7428176 0.57764477 0.45441195 -0.5160811 -0.969725 -1.9828725 0.5807766 0.33568 0.14821127 -1.4447525 0.43375936 0.048671417 0.23333849 0.3069348 -0.4568394
compartidos 0.6391025 0.22005606 0.34078223 -0.7206705 0.657474 -0.6521509 -0.3293066 -0.5106933 0.50208175 0.19856505 -0.33200514 1.3519464 -0.6290755 0.46625832 0.35807064 0.77542907 0.57340723 0.43638352 -0.54998964 -1.0108606 -1.9986532 0.6114929 0.29625958 0.059307635 -1.5898207 0.48203507 -0.02802853 0.1933837 0.35713857 -0.46568635
feliz 0.6107992 0.2631463 0.3171795 -0.7535388 0.67448694 -0.48758385 -0.3487016 -0.5039808 0.41571164 0.22155054 -0.3107451 1.2912928 -0.6440281 0.47498685 0.36893854 0.7260213 0.60477054 0.48099455 -0.5627349 -1.0250568 -1.9666737 0.56212884 0.28957558 0.0676335 -1.5133691 0.44371784 0.052945472 0.1995952 0.3752093 -0.41245523
placer 0.66190165 0.20433895 0.36394873 -0.696314 0.6230937 -0.59719723 -0.41103566 -0.57396334 0.47573084 0.2627134 -0.3082534 1.3334906 -0.6562943 0.5483277 0.29397643 0.78202116 0.59403944 0.4718612 -0.6004298 -1.0193728 -2.04538 0.5855593 0.33082756 0.12952952 -1.5610328 0.47623414 0.015667701 0.23354156 0.28775042 -0.49495548
atenderle 0.67344815 0.24549782 0.36731336 -0.68821657 0.64888555 -0.5856629 -0.39705214 -0.5626969 0.49309447 0.24188375 -0.3330461 1.2583332 -0.63192505 0.5134112 0.30054498 0.754216 0.5576395 0.4626607 -0.5767772 -0.9675438 -2.0352561 0.6066704 0.30374616 0.17351076 -1.5153681 0.4615525 0.023381008 0.20106237 0.30026075 -0.4436914
deseamos 0.6745297 0.19689369 0.37927255 -0.7322051 0.64355224 -0.557148 -0.36614534 -0.50879025 0.4646268 0.22424409 -0.32923612 1.3388017 -0.64991945 0.5641458 0.2938708 0.76356226 0.640498 0.516387 -0.5642895 -1.0476731 -2.0292313 0.590254 0.31529525 0.11671462 -1.5066583 0.47060147 0.061581146 0.2615909 0.36296213 -0.458255
hijo_a 0.5211852 0.3337072 -0.030089859 -0.23144114 0.41103747 -0.08109076 -0.42357102 -0.4725433 0.12486973 -0.20508565 -0.06873123 0.33947536 -0.3931554 -0.101867 -0.16094369 0.19069698 0.1988768 0.19137396 -0.108010106 -0.17594303 -1.0910329 0.20169055 0.25244865 0.2707978 -0.6841433 0.11066907 0.13742517 0.085452005 0.14274783 -0.090909064
mes -0.14370178 0.18032953 -0.6425504 -0.5163266 0.76017296 -0.4612762 0.22140217 0.18065295 0.6850109 -1.4144994 0.011897236 0.7641712 0.50690746 -0.7773144 0.2224566 0.14992432 -0.32720628 -0.19621606 -0.1105521 -0.25664306 -0.50062275 -0.114425205 0.34260035 -0.75113666 -0.4149666 0.43863177 -0.37623867 -0.67879796 0.07405544 -0.06437382
posgrado 0.14185862 0.333905 -0.3622546 -0.4353647 0.6006951 -0.12754722 0.0683647 -0.032871876 0.62200207 -1.0176651 -0.06550942 0.48157308 0.3541191 -0.58460224 -0.16072424 0.28788897 -0.31036136 -0.2442611 -0.24385916 -0.21658725 -0.7328084 0.033904236 0.3604605 -0.30188063 -0.2953382 0.3102895 -0.05606006 -0.6785133 0.020724533 -0.014296669
trabajador 0.5269143 0.3740798 -0.3014146 -0.31871778 0.52418625 -0.029970808 -0.03613933 -0.47102532 0.5953095 -0.8067261 -0.19533244 0.29658246 0.23622528 -0.5038114 -0.48234004 0.45866245 -0.30177808 -0.35831702 -0.30738136 -0.081914 -1.0039545 0.17629236 0.5882117 0.19667378 -0.3565733 0.11437881 0.22094807 -0.5723558 -0.081731215 0.052306615
esposa 0.49255735 0.24644685 -0.0024441404 -0.4203448 0.5110775 -0.2660275 -0.2937182 -0.282763 0.334365 -0.17520139 -0.14903529 0.6144869 -0.25667712 -0.007533685 -0.09591254 0.38318205 0.19236462 0.10911079 -0.23869738 -0.46298546 -1.1270164 0.21632756 0.25509796 0.090201944 -0.6919775 0.2572745 -0.0045927195 0.04217084 0.11209623 -0.20066705
padre 0.08152305 0.06867585 -0.12349268 -0.7257108 0.67910296 -0.66375774 0.025027484 -0.09774763 0.6920259 -0.58827364 -0.07623849 1.378976 -0.13964081 -0.032132383 0.57911384 0.38515633 0.31729034 0.20079988 -0.33713377 -0.7021793 -1.2483953 0.30634347 0.29582044 -0.529837 -1.2026149 0.500783 -0.20650044 -0.22379214 0.4696692 -0.3013987
casos -0.17474559 0.20242761 -0.13918433 -0.60218257 0.61393696 -0.20462474 -0.019549191 0.12408343 0.13767724 -0.7200713 0.17243396 0.8608863 -0.34670204 -0.11295575 0.64995444 -0.05458814 0.4195342 0.5113723 0.011262295 -0.5183889 -0.7429181 0.012666307 0.038260188 -0.66471034 -0.8311987 0.19690938 -0.13715167 -0.18830891 0.61184305 -0.118240364
tratado 0.14693736 -0.025670175 -0.27396744 -0.45392048 0.5935473 -0.89648855 -0.120209605 -0.059829522 0.50830716 -0.7603392 -0.101678155 1.0842109 -0.08721717 -0.11444986 0.4563567 0.35454077 0.18180306 0.17413561 -0.13229042 -0.5327995 -1.0422332 0.11062499 0.2130137 -0.469749 -1.0866708 0.49517003 -0.4933611 -0.008300425 0.21768932 -0.3463674
postgrado 1.0644338 0.35543048 0.2224157 -0.17538671 0.36723414 -0.26819953 -0.5605077 -0.939592 0.3614022 -0.020191712 -0.3539012 0.37462896 -0.457357 -0.01733933 -0.5268521 0.62249637 0.19058596 -0.05084005 -0.33506688 -0.31346738 -1.7107223 0.40918475 0.57007205 0.86132735 -0.97228974 0.073614284 0.25701672 0.1517766 0.03880856 -0.14547707
soportes 1.0960833 0.3577547 0.21179847 -0.23334296 0.38076293 -0.37972903 -0.5651966 -1.0386039 0.4777964 -0.033402946 -0.38221696 0.5694848 -0.50362134 0.04706201 -0.539739 0.7159355 0.24822678 -0.07610024 -0.3746291 -0.3246043 -1.9392599 0.50142145 0.6386338 0.8997488 -1.1464736 0.14616138 0.26865906 0.15544005 0.093453944 -0.2019951
anexan 1.2540249 0.3033714 0.21235622 -0.26212382 0.35188988 -0.44543692 -0.6041188 -1.1331828 0.5705704 -0.027057417 -0.49202743 0.7277024 -0.48784998 0.014538394 -0.5260956 0.893383 0.2360843 -0.15268113 -0.47264102 -0.41512093 -2.1511605 0.58224744 0.7040264 0.9932596 -1.2788478 0.15965495 0.29929414 0.0914823 0.11599961 -0.31255084
revision -0.09840646 0.21150719 -0.15635623 -0.5807632 0.6714414 -0.26755565 -0.054528624 0.011502546 0.22362293 -0.56294376 0.10272686 0.86791927 -0.3439826 -0.088963486 0.59993356 -0.008611775 0.34546164 0.4735159 -0.023488399 -0.4861118 -0.79992807 0.08629009 0.05907674 -0.5571591 -0.8972525 0.2752055 -0.15729849 -0.06804172 0.47539255 -0.17127848
maestria 1.0457205 0.4635286 0.14102262 -0.08057183 0.38211656 -0.049953505 -0.66594905 -0.9820499 0.23557489 0.05486288 -0.29915184 0.17030695 -0.4952696 0.052187435 -0.6613287 0.50555193 0.16222842 -0.08179892 -0.23423822 -0.13801087 -1.6153225 0.42787495 0.48976418 0.96705073 -0.73946065 0.040907353 0.35798708 0.15424863 -0.03880172 -0.13385262
core 0.5820104 0.2811827 -0.23934686 -0.39213395 0.42867205 -0.27024892 0.08084816 -0.60058415 0.9324327 -0.7557547 -0.34660405 0.6307355 0.36232367 -0.4802448 -0.44255584 0.7529817 -0.3390972 -0.5507202 -0.50463593 -0.21714155 -1.2648157 0.29097536 0.73626864 0.26327688 -0.5919732 0.22699738 0.16700351 -0.69223845 -0.07939615 -0.10471813
informar -0.30559346 0.33048654 -0.8830474 -0.6266013 0.93966055 -0.42810652 0.48916158 0.22478339 0.9645179 -1.8371534 0.064901486 0.8984 0.83124906 -1.0413364 0.18310738 0.1728977 -0.5359121 -0.4033973 -0.18580467 -0.21072216 -0.44364625 -0.18739668 0.51227766 -0.98081684 -0.30945513 0.48268798 -0.3232985 -1.1021851 0.08344174 0.014529215
respectivo -0.21914303 0.31572613 -0.8619932 -0.70815885 0.9996824 -0.4445365 0.40628737 0.11288309 1.0124571 -1.8379749 -0.0071008354 0.89482075 0.8603499 -1.0641835 0.14709952 0.2358672 -0.5885728 -0.4837902 -0.23466165 -0.26491788 -0.5769411 -0.13864964 0.5586875 -0.94205606 -0.3794103 0.5248062 -0.31122687 -1.1513549 0.07723727 0.028343832
decision -0.27417392 0.3470949 -0.866667 -0.7300586 1.0326917 -0.53865653 0.52115345 0.20717683 1.0720098 -1.9789958 0.038313042 1.0687504 0.909683 -1.0599973 0.22778325 0.23241943 -0.53020376 -0.41871488 -0.26695254 -0.27481833 -0.55625546 -0.13383295 0.5596404 -1.0846102 -0.4069181 0.5924779 -0.3392668 -1.2168306 0.10261651 0.017458035
posterior -0.2720123 0.36093447 -0.8817442 -0.7464221 1.0649623 -0.51230323 0.49451753 0.1596492 1.076538 -1.9712995 0.03801047 1.0113678 0.9546264 -1.1306673 0.13412045 0.22039042 -0.6454648 -0.5180457 -0.23580755 -0.26311988 -0.60191643 -0.13836233 0.61195254 -0.9889113 -0.4336049 0.5680811 -0.3770076 -1.2262657 0.04279508 0.020815905
correspondiente -0.28269735 0.2546549 -0.19394056 -0.4507664 0.8001315 -0.40259385 -0.01060175 -0.022398073 0.0345639 -0.517977 0.21498336 0.83272743 -0.28908682 -0.18828274 0.6793379 -0.31583712 0.37502736 0.626762 0.02377349 -0.3478313 -0.6240383 0.10347823 0.13305955 -0.62996256 -0.9472287 0.22211635 -0.26561347 -0.06359406 0.4355894 0.011003289
analisis -0.2902207 0.3558093 -0.9271528 -0.74937385 1.0605252 -0.5560357 0.53560907 0.23118292 1.1117768 -2.0319865 0.028055953 1.0473975 0.93043065 -1.1412657 0.23443371 0.24425994 -0.6115924 -0.50758445 -0.2517878 -0.2887985 -0.6079415 -0.13665047 0.5972078 -1.0979446 -0.47929487 0.59810185 -0.40288225 -1.2421132 0.074504584 -0.03900757
tomada -0.20434274 0.34024507 -0.8522161 -0.7370549 1.009151 -0.5187363 0.47104177 0.15818489 1.0425966 -1.9175316 0.014915979 1.0717276 0.8811547 -1.0721623 0.17795958 0.2603477 -0.5679535 -0.47569308 -0.21982728 -0.3114891 -0.6487299 -0.10039741 0.5675043 -1.0136508 -0.4616903 0.5762507 -0.3291928 -1.1923591 0.07844472 -0.051355664
especial 0.24222754 0.12325344 -0.15755922 -0.47310922 0.5588752 -0.4240923 -0.19687332 -0.05065392 0.36930808 -0.50366926 -0.06558432 0.83388686 -0.16113043 -0.06323792 0.24227768 0.28589132 0.20197034 0.17410628 -0.17704818 -0.5337225 -1.014055 0.123086676 0.14796573 -0.27589738 -0.77186346 0.37584013 -0.18533072 -0.06657079 0.21023038 -0.28627345
escalo -0.30488154 0.24231373 -0.17657219 -0.45685935 0.8262235 -0.42945653 0.039639987 -0.0074391025 0.09554868 -0.53561413 0.237162 0.842102 -0.17294678 -0.21945673 0.73395157 -0.2846628 0.33948404 0.57006484 0.02427226 -0.3431168 -0.56598145 0.0801511 0.18818596 -0.6470638 -0.8890052 0.2940832 -0.25834483 -0.10857085 0.3579462 -0.061098408
formato 0.10080298 0.6509931 -0.28763738 -0.2624557 0.9389959 0.33615458 -0.52069086 -0.0628498 -0.2630478 -0.59117895 0.2493959 -0.34955865 -0.31995127 -0.5292011 -0.30547738 -0.41083807 0.0264853 0.43450347 0.19375017 -0.080697596 -0.51597226 -0.28788474 0.08279958 -0.1905227 -0.0787183 0.026211228 -0.04442976 0.1597691 -0.005140219 0.27038363
masivo 0.20791695 0.07855673 -0.19831042 -0.6448314 0.6783201 -0.66380286 -0.023219155 -0.08250874 0.7559069 -0.61325663 -0.14650595 1.2058499 0.04939206 -0.108937494 0.34647623 0.4871654 0.14279926 0.04223873 -0.3490755 -0.6804518 -1.2230825 0.233633 0.31758374 -0.40052235 -0.99712807 0.55401874 -0.23984125 -0.24288656 0.2550207 -0.31789994
subdirectiva -0.09217288 0.1623537 -0.21383189 -0.57492906 0.58964175 -0.09730936 -0.01603109 0.14668404 0.22330788 -0.9447486 0.09378732 0.710562 -0.18274817 -0.2972014 0.45430902 0.074984744 0.26040578 0.37976244 0.019576166 -0.4066249 -0.7135653 -0.031497926 0.10634885 -0.60122895 -0.6361011 0.17761904 -0.12132168 -0.29269713 0.49834082 -0.1749117
especializacion 0.8370971 0.4108093 0.087893456 -0.20610441 0.46065286 -0.07114498 -0.53728217 -0.7402385 0.14868562 -0.019247033 -0.23966523 0.16957793 -0.4089724 -0.102864966 -0.47626945 0.37757474 0.16066274 0.098661005 -0.2592262 -0.19954984 -1.4147104 0.30020103 0.42799997 0.6310774 -0.76526415 0.10620532 0.25402713 0.19188981 -0.034102175 -0.097382285
fecha 0.028812705 0.83433425 -0.59835094 -0.13420914 1.2747295 0.5480813 -0.60765636 -0.028913273 -0.44313958 -0.93844324 0.40014142 -0.7307416 -0.30109832 -0.7523046 -0.45800138 -0.70539767 -0.12626393 0.499985 0.31492293 0.085334316 -0.49570164 -0.3716699 0.09348181 -0.24610893 0.10665673 -0.006345993 -0.0014507088 0.100570396 -0.13056976 0.3282174
informacion 0.11582052 0.72813314 -0.45722494 -0.18877877 1.0626779 0.41501623 -0.51228756 -0.08629562 -0.3512152 -0.7562482 0.2812807 -0.5446766 -0.28304198 -0.67763543 -0.38034979 -0.52484363 -0.06339638 0.44967026 0.2478546 0.012309657 -0.47891843 -0.30513465 0.16294375 -0.17173138 -0.0021862846 -0.013274283 -0.006698945 0.13400501 -0.11723647 0.30165425
estudios 0.5781239 0.7518493 -0.4313042 -0.10505122 0.85159504 0.5000354 -0.5895643 -0.5780431 -0.17617306 -0.51901245 0.14103831 -0.5132136 -0.31735688 -0.4353571 -0.63226944 -0.21011518 -0.18155253 0.18733051 0.09563487 0.34637558 -0.8589942 0.0055689896 0.3002927 0.36054367 -0.022276662 0.03808666 0.23065715 -0.11330981 -0.24746226 0.20314634
hasta 0.074823655 0.89757466 -0.62468666 -0.17779407 1.2434741 0.6589541 -0.6830157 -0.035737745 -0.51732886 -0.97850806 0.39762774 -0.80850416 -0.32656276 -0.85867304 -0.50887245 -0.71170336 -0.1552689 0.51429135 0.4054098 0.14778066 -0.49720556 -0.46604222 0.115799 -0.26222762 0.19542299 -0.004534225 0.015175493 0.11942947 -0.1868552 0.38693342
segunda 0.5796645 0.10482708 -0.05183871 -0.15493277 0.34761742 -0.66078 -0.43259957 -0.4957849 0.31222972 -0.37619582 -0.14916578 0.70405746 -0.39288083 -0.05231268 0.028002843 0.3211629 0.24731392 0.12374445 -0.09095476 -0.20460056 -1.2501651 0.2626965 0.3138757 0.21399514 -1.0562389 0.24613358 -0.15545473 0.17197257 0.17019695 -0.30104944
convencional 0.19033532 0.52137196 -0.31596595 -0.18465158 0.7467313 0.26135588 -0.44328845 -0.07778164 -0.22235186 -0.7470053 0.15816374 -0.30079645 -0.23360366 -0.5396822 -0.30134073 -0.2607458 -0.03348876 0.27399665 0.19618297 -0.039026465 -0.5292905 -0.25701725 0.105209224 -0.14504282 -0.069839954 0.010252252 -0.056881763 0.012392062 -0.019290086 0.18208247
esposas 0.034130637 0.22118671 -0.38611072 -0.5738548 0.69998115 -0.48483384 0.20193748 -0.012581113 0.8428972 -1.0405427 -0.12618273 0.90340406 0.38576168 -0.49298292 0.12304818 0.41793668 -0.21028252 -0.20426561 -0.3727395 -0.39773268 -0.8938383 0.1130285 0.40314367 -0.54655164 -0.6010498 0.44143042 -0.21117431 -0.6815577 0.06864052 -0.1274518
cuenta 0.19329908 0.8754157 -0.45144153 -0.16706547 1.2102253 0.596254 -0.5699561 -0.2621698 -0.37408572 -0.6589561 0.30672044 -0.6129816 -0.32971078 -0.58890665 -0.47172514 -0.59268785 -0.0805605 0.43927068 0.2455278 0.08502522 -0.6146337 -0.23142998 0.1703727 -0.05390772 0.006608337 0.03168711 0.07134995 0.05920002 -0.1404449 0.32827824
documentacion -0.10282502 0.37118754 -0.5145136 -0.30332115 0.65493524 0.27696654 -0.22405347 0.34378898 -0.118500926 -1.2186334 0.19726595 -0.07160241 -0.04307886 -0.636599 -0.012171961 -0.31885147 -0.055697065 0.26734534 0.26756364 -0.16313915 -0.25416222 -0.3722072 0.015932526 -0.5778762 -0.004781933 0.07957387 -0.13098708 -0.31236592 0.19558287 0.012746629
regular -0.013287759 0.28679127 -0.3436248 -0.30073005 0.5189173 0.020169389 -0.24197435 0.18964623 -0.034829922 -1.1428052 0.12504603 0.2024988 -0.1223058 -0.5746853 0.076081045 -0.099059336 0.08202299 0.2406639 0.14105786 -0.16100913 -0.50853366 -0.25967473 0.07989894 -0.42063695 -0.27105168 0.09138106 -0.16832055 -0.2795984 0.27397087 -0.061843626
comisionado -0.33374384 0.28109884 -0.26929837 -0.70982796 0.76771027 -0.44220868 -0.031199906 -0.16557495 0.26139718 -0.40652722 0.15219384 1.1433209 -0.44890338 0.03128732 0.9224143 0.0906674 0.3542269 0.6901152 -0.2292502 -0.54002595 -0.987259 0.15588363 0.20994519 -0.6970318 -1.2691387 0.20964953 -0.16009021 0.039044224 0.5582927 -0.15371788
presente 0.15418348 0.5638735 -0.23877434 -0.12405051 0.8525698 0.25990185 -0.48008326 -0.13082685 -0.35144055 -0.39048654 0.18462208 -0.27724046 -0.31779876 -0.32996053 -0.207045 -0.3382186 0.051491883 0.48711064 0.11797075 -0.07552306 -0.57764715 -0.13095324 0.073114544 -0.088012554 -0.17478862 0.027304798 -0.0008876303 0.1629662 -0.050321404 0.16263701
traslado -0.1956925 0.031589054 -0.47673938 -0.28435925 0.97941446 -1.0535351 0.08884869 0.15503097 0.46341676 -1.339323 0.07618795 1.1112216 0.33337134 -0.6212562 0.71308494 -0.1906818 0.059526455 0.14384118 0.18772258 -0.29234633 -0.70310074 -0.08306563 0.45021674 -0.94967246 -1.0014468 0.5147044 -0.68038476 -0.4417628 0.1752227 -0.1893445
solicito 0.34917355 0.5410213 -0.17763251 -0.16926664 0.7387436 0.2717845 -0.4764323 -0.26626205 -0.22584428 -0.36282498 0.13978563 -0.18700665 -0.38329548 -0.27777368 -0.27529302 -0.22732289 0.063142814 0.3665785 0.09820988 0.007663876 -0.68822294 -0.049300652 0.11879402 0.09787664 -0.2543894 0.07162161 0.09880216 0.15872201 -0.08468887 0.07181392
pregrado -0.05520215 0.49154988 -0.61820954 -0.2751289 0.6991835 -0.032517556 0.08950305 0.009803874 0.5362052 -1.2688636 0.11505219 0.19334151 0.4496332 -0.82268155 -0.28203014 0.0015715305 -0.49331063 -0.31477973 -0.07461492 0.13170736 -0.4460623 -0.10235206 0.35880157 -0.44171053 0.022617405 0.28822553 -0.12586369 -0.7894776 -0.06161479 0.08769841
beneficio 0.20065574 0.508921 -0.31761333 -0.17673019 0.74952835 0.3175572 -0.51438326 -0.1367529 -0.22714254 -0.47495553 0.22344677 -0.18701823 -0.37423313 -0.34622374 -0.29977617 -0.30072424 0.10075397 0.34912997 0.2119199 -0.010376562 -0.5545368 -0.14890146 0.059199806 -0.02984733 -0.1345871 0.0388332 0.07497988 0.13793191 -0.011824626 0.09971393
produccion -0.3063422 0.33684868 -0.26815233 -0.56988657 0.72026896 -0.29852816 0.076821186 -0.0989192 0.18013905 -0.5847058 0.19087923 0.9078471 -0.23660393 -0.21028101 0.702275 -0.095231384 0.27032402 0.50409484 -0.09206871 -0.33585784 -0.7832831 0.105294034 0.18936606 -0.6020157 -0.92472655 0.18768941 -0.088393144 -0.13415214 0.4902338 -0.0036297473
desde 0.14144167 0.7080738 -0.35214484 -0.15025966 0.9843834 0.39779902 -0.49509653 -0.17501462 -0.36942685 -0.5426171 0.23796952 -0.45127195 -0.37191176 -0.45051837 -0.25714034 -0.50391215 -0.005327096 0.4703452 0.24642208 0.03911526 -0.519391 -0.17299393 0.14657699 -0.13323645 -0.12581506 0.01765626 -0.022409908 0.15793198 -0.10037527 0.25151393
encale_tipologia -0.14232334 0.033705957 -0.42848292 -0.30607125 0.934773 -0.8305308 0.07186876 0.038070027 0.4618612 -1.1815206 0.020693349 0.89465755 0.2769307 -0.5580698 0.55664486 -0.15769193 -0.019028474 0.1527427 0.14309852 -0.25536543 -0.6363082 -0.11317529 0.36193413 -0.75336826 -0.8402289 0.46642646 -0.5672882 -0.32146713 0.1317829 -0.11477022
beneficiario 0.112458006 0.5729024 -0.25765136 -0.22737814 0.7460992 0.26122525 -0.40436432 -0.13869853 -0.24560748 -0.4709301 0.22502601 -0.13083746 -0.34026518 -0.30524945 -0.1409531 -0.29246953 0.07229396 0.47102436 0.20985061 -0.028645648 -0.572151 -0.11094187 0.06739107 -0.09051476 -0.19037959 0.079423405 -0.010239808 0.09533754 0.08201739 0.17949484
inscripcion 0.0058074063 0.5668302 -0.48947552 -0.16058679 0.9199118 0.32978907 -0.36719465 0.013340694 -0.24297771 -0.832021 0.24920607 -0.4163517 -0.13840084 -0.6406164 -0.3179519 -0.45392567 -0.14974846 0.33406484 0.23711893 0.046467066 -0.32973808 -0.3150949 0.111453496 -0.31488612 0.09275765 0.016471216 -0.075340085 -0.0021784874 -0.085124664 0.22754541
hijo 0.21819764 0.15791692 -0.16159827 -0.49741787 0.60968137 -0.4734721 -0.10551726 -0.09190366 0.4743316 -0.5208182 -0.09606516 0.8686725 -0.066733636 -0.11060521 0.21896128 0.32285783 0.14455397 0.12576556 -0.250317 -0.5138622 -1.0191532 0.18293631 0.24479643 -0.316877 -0.82323945 0.3971698 -0.2009951 -0.12031981 0.18545464 -0.23426841
pdf -0.18768445 0.40918404 -0.11488124 -0.47235557 0.7666185 -0.05793544 -0.2496675 -0.20132202 -0.12215653 -0.1800536 0.25812384 0.5194038 -0.57434404 -0.0192605 0.5063479 -0.3465115 0.44063404 0.7429791 -0.0075494912 -0.29796565 -0.6672582 0.07863649 0.056448676 -0.35158762 -0.8234443 0.058905914 -0.017069617 0.22744568 0.4857983 0.12118336
atentamente -0.25438246 0.35082203 -0.14611 -0.59189254 0.7311907 -0.26037687 -0.12635519 -0.19226635 0.053496078 -0.20457914 0.21176188 0.8851861 -0.5321103 0.07237365 0.77054983 -0.15684712 0.45620996 0.7345354 -0.12623176 -0.45129538 -0.8902255 0.1290803 0.11811231 -0.5206042 -1.0552536 0.1493743 -0.12005644 0.16861592 0.56426054 -0.03970354
informamos 0.052258685 0.90603393 -0.54467136 -0.24027283 1.2704073 0.6279475 -0.63853204 -0.048727132 -0.4065469 -0.9924416 0.37166885 -0.73000026 -0.31143418 -0.90008193 -0.5278919 -0.6772767 -0.15406324 0.47253644 0.33872548 0.0714941 -0.4922222 -0.471898 0.15502474 -0.2840557 0.1657706 -0.016246868 0.0057758694 0.041848186 -0.073587194 0.4272978
tener 0.2222458 0.64128053 -0.355188 -0.13104427 0.8549319 0.39432487 -0.499013 -0.17882915 -0.2670012 -0.5140623 0.15993096 -0.47472352 -0.2918253 -0.4126772 -0.37732252 -0.34270784 -0.041331522 0.31136066 0.14541838 0.0019878794 -0.5623251 -0.20339057 0.16036768 -0.039320182 -0.03401486 0.011972521 0.06979556 0.055916354 -0.15990388 0.19949065
agradeciendo 0.10127347 0.21842752 -0.11528797 -0.6203098 0.6814562 -0.56547004 -0.2427818 -0.30969346 0.31475252 -0.22596695 -0.12181718 1.1377922 -0.5560533 0.19387795 0.6781313 0.4417105 0.41190925 0.56341684 -0.277229 -0.72601366 -1.4920243 0.28468734 0.22494918 -0.37230182 -1.3991956 0.30808225 -0.19019535 0.19292416 0.413084 -0.35185337
plazo 0.022075478 1.0056918 -0.6704886 -0.25029713 1.3863477 0.7236425 -0.6573099 -0.0027503297 -0.497682 -1.1498029 0.46043792 -0.8090174 -0.25061002 -1.0139017 -0.5264349 -0.81848574 -0.19263667 0.531753 0.43380767 0.13324144 -0.43177146 -0.52105224 0.10671277 -0.38880968 0.24829975 0.056411352 -0.064488664 0.08055421 -0.14760539 0.45147878
nuevamente -0.13020138 0.49193954 -0.03393811 -0.42119378 0.785493 0.01847501 -0.2587367 -0.219395 -0.19605486 -0.014386573 0.28676808 0.40835208 -0.64079267 0.029962765 0.44444767 -0.3672798 0.5062163 0.79777104 0.005679482 -0.32503563 -0.7736361 0.13106225 0.095673755 -0.2916165 -0.77463204 0.016061803 0.05319623 0.26265088 0.4436696 0.112409145
acuerdo 0.053360544 0.62405473 -0.3996974 -0.15282057 0.89379853 0.33106163 -0.44252738 -0.047446307 -0.30703765 -0.70863384 0.21343933 -0.37387037 -0.24366497 -0.5610666 -0.25519755 -0.4551411 -0.027873494 0.3891482 0.22240864 0.015080499 -0.4327802 -0.26231787 0.11526768 -0.20230141 -0.03612218 0.04588456 -0.031276852 0.025999002 -0.04737983 0.23433624
ingenieria 0.7431514 0.3572811 -0.023716662 -0.1459808 0.36956292 -0.1514982 -0.4390547 -0.6946559 0.32667345 -0.25248203 -0.18002978 0.29687235 -0.28679934 -0.13599645 -0.42669514 0.39669394 0.08536336 -0.051673286 -0.20556282 -0.102632314 -1.2977234 0.3212059 0.47330305 0.562547 -0.66482174 0.069233865 0.2078917 -0.06379625 0.022948304 -0.10233348
orito 0.019146608 0.17567314 -0.15286197 -0.47114155 0.555098 -0.2817646 -0.013078102 -0.026654141 0.3126764 -0.67824394 0.02736864 0.765621 -0.11925623 -0.18727694 0.33665416 0.13949583 0.1946454 0.23778349 -0.09478204 -0.4405659 -0.7678698 0.06945441 0.15263641 -0.44498527 -0.705164 0.25651357 -0.11753538 -0.19396417 0.32409424 -0.140263
dias 0.19069418 0.7975379 -0.37779188 -0.1637971 1.0693717 0.5609961 -0.55275303 -0.20980792 -0.39565715 -0.76932615 0.24522687 -0.50390947 -0.3885473 -0.59231293 -0.3699769 -0.6114037 0.0030750013 0.46831414 0.31903774 0.07967181 -0.5639606 -0.27545682 0.12713648 -0.14754055 -0.03956327 0.03908328 0.013420281 0.1639666 -0.12965079 0.28796446
hacer 0.2605474 0.89926785 -0.54974455 -0.075017765 1.0973221 0.6447011 -0.8080218 -0.2973774 -0.35500643 -0.76810515 0.29188746 -0.70110637 -0.52305955 -0.5453067 -0.6733416 -0.68550014 0.040009994 0.36461616 0.36901692 0.07400885 -0.6916108 -0.26199067 0.15397206 0.067523204 0.083086826 0.019173719 0.115536444 0.089208 -0.08559762 0.19633254
teletrabajo 0.3252693 0.3964014 -0.19865753 -0.20363379 0.63852346 0.05957418 -0.36956775 -0.27441615 -0.0326218 -0.3357857 0.04452786 -0.042864967 -0.2339588 -0.25023463 -0.25289848 -0.03155857 0.03049423 0.20971338 -0.029393157 -0.12591472 -0.7011966 0.018824466 0.18914534 0.10872325 -0.27735376 0.060096614 0.034688115 0.06421868 -0.10867939 0.033973478
empresa 0.47974238 0.8368678 -0.30786532 -0.054087043 0.9235805 0.6263703 -0.70899576 -0.5368781 -0.419597 -0.42020035 0.1951201 -0.731001 -0.5159088 -0.46760303 -0.66011244 -0.3411338 -0.032047573 0.34976548 0.18290442 0.22623724 -0.8435612 -0.088218935 0.2795537 0.38614017 -0.003569652 -0.11832341 0.20750965 0.14437938 -0.21680501 0.2922071
adjunta 0.23832361 0.51002705 -0.28182906 -0.23127078 0.73595095 0.19645756 -0.39815268 -0.19071843 -0.07515642 -0.50155926 0.13733727 -0.1335169 -0.25695089 -0.34359774 -0.28583658 -0.15788399 -0.003584716 0.26004386 0.057765145 -0.07397096 -0.654694 -0.08918982 0.17594332 -0.050699655 -0.21238217 0.1031713 0.023144672 -0.012407042 -0.017848913 0.09463674
hay 0.24119575 1.0416086 -0.6196721 -0.10023094 1.2737164 0.76033455 -0.81522053 -0.32513362 -0.46484655 -0.8910485 0.35468274 -0.8464471 -0.5097557 -0.6882347 -0.69425833 -0.8062657 -0.046439655 0.46387294 0.45366296 0.2334496 -0.65949786 -0.3060187 0.18736129 0.052600056 0.121317536 0.022221722 0.09721725 0.104894765 -0.1529967 0.32842445
programa 0.23535395 1.0934438 -0.41574734 -0.15080789 1.2775385 0.6831396 -0.75933707 -0.32873496 -0.44081452 -0.777021 0.48274276 -0.6683758 -0.46385238 -0.7550067 -0.6852681 -0.59313875 -0.02669117 0.55524784 0.30090976 0.29766744 -0.8254314 -0.20376702 0.25659844 0.1311619 0.06364165 -0.0033202185 0.063961364 0.0339862 -0.07364555 0.3487579
realizar 0.14224887 0.7445153 -0.513537 -0.06141392 0.9131964 0.4443451 -0.56185806 -0.094238065 -0.20867467 -0.8830096 0.27344796 -0.58369416 -0.24114904 -0.63434595 -0.48177475 -0.5623014 -0.1686324 0.26398402 0.18212523 0.24486975 -0.48263395 -0.27244318 0.0944431 -0.17990385 0.12343271 0.08898187 0.0499867 -0.06974377 -0.16763206 0.2458422
postulacion 0.12430164 0.84371036 -0.53063756 -0.11170015 1.1094517 0.56505173 -0.61311233 -0.121065 -0.4280436 -0.811609 0.29461348 -0.69778234 -0.33742613 -0.64772797 -0.47121656 -0.64814085 -0.066533886 0.472549 0.31472543 0.09921507 -0.5466599 -0.33764988 0.08568326 -0.17237985 0.058045074 -0.0011293093 0.038147278 0.12978478 -0.1353501 0.32168305
estudio 0.3207493 0.48214126 -0.2353954 -0.08613462 0.6292017 0.22732098 -0.5264352 -0.28513175 -0.23470202 -0.3271936 0.12324449 -0.24825011 -0.40632865 -0.2324037 -0.3324319 -0.1920417 0.08996096 0.34015116 0.1582667 0.051302884 -0.68708175 -0.025334192 0.121128626 0.16826445 -0.210372 0.063196614 0.07946447 0.14603297 -0.038448222 0.08323
manera 0.16609287 0.81470937 -0.5792365 -0.11870796 1.1280354 0.53203684 -0.5807091 -0.14802605 -0.42903244 -0.84729046 0.2940876 -0.6084057 -0.31637034 -0.6590398 -0.40459928 -0.60944635 -0.10040206 0.44689754 0.3874399 0.16203962 -0.55303514 -0.29342014 0.12369283 -0.18988612 0.071267106 0.03729692 0.022559918 0.048341382 -0.15992548 0.3002448
limite 0.07085514 0.95694596 -0.6436847 -0.16015764 1.4039035 0.6052748 -0.6734473 -0.052220866 -0.5008824 -0.99144274 0.4141511 -0.780817 -0.35708934 -0.7908984 -0.48871908 -0.8258163 -0.08177372 0.5829672 0.3785656 0.09729635 -0.5726447 -0.42143834 0.110615134 -0.2922297 0.057450585 -0.023453765 0.023758866 0.10573196 -0.11762069 0.3806909
anterior 0.14943352 0.8894213 -0.5212502 -0.16538003 1.2477758 0.6133847 -0.59933645 -0.15790465 -0.41708454 -0.8063093 0.37890023 -0.6085802 -0.30567637 -0.6934363 -0.44693902 -0.67730504 -0.13712822 0.47579208 0.36040395 0.1645668 -0.49900806 -0.26893362 0.13581346 -0.18028474 0.10344253 0.03400414 0.032931115 0.022228496 -0.16075611 0.34046283
muy 0.2909344 0.5590767 -0.20240632 -0.19679317 0.7972706 0.27527824 -0.5212419 -0.3347208 -0.23459935 -0.370761 0.15262426 -0.22890095 -0.41645008 -0.3154147 -0.34203354 -0.22930788 0.049496923 0.3630245 0.13101791 -0.018193318 -0.6887034 -0.065338664 0.17033286 0.105311505 -0.2262242 0.029126732 0.07215471 0.16229452 -0.06297805 0.10297175
cuando 0.3621758 1.1751579 -0.6619656 -0.1537189 1.4158585 0.8904734 -0.92213154 -0.29722497 -0.68891084 -0.94429463 0.36530516 -0.9251392 -0.49760914 -0.76541984 -0.6593446 -0.78218836 -0.040159144 0.6861998 0.54969555 0.22647586 -0.82931614 -0.36912015 0.20703378 -0.08070152 0.082714036 0.057857808 0.12831481 0.16942683 -0.15476152 0.42406455
mis 0.5914077 0.8208742 -0.41748658 -0.13954772 1.0279825 0.5943354 -0.66437656 -0.58659035 -0.32915977 -0.5012664 0.19118528 -0.7023596 -0.44040954 -0.47627088 -0.66797596 -0.2770473 -0.12869032 0.3253799 0.10330013 0.28811347 -0.9282015 -0.10291484 0.29946038 0.3621444 -0.029687485 -0.05876873 0.23040743 0.029420003 -0.30851847 0.27976552
gerencia 0.7357169 0.40902537 -0.018272428 -0.16379713 0.4520942 -0.033872142 -0.41571978 -0.7008059 0.20670408 -0.17110313 -0.20687644 0.089228675 -0.2812572 -0.19688605 -0.51184624 0.35874656 0.024452282 0.01272261 -0.24796858 -0.09535163 -1.2373918 0.2873124 0.49153382 0.6152913 -0.58028394 0.07400978 0.22180797 0.025136065 -0.07007103 -0.03571458
puede 0.17261219 0.861283 -0.57819504 -0.253235 1.1341001 0.61876637 -0.6858038 -0.09388891 -0.37907484 -0.8712767 0.30340004 -0.6737157 -0.3898936 -0.7692984 -0.5302933 -0.6116043 -0.06546173 0.44699806 0.33494022 0.02896899 -0.57740617 -0.3907618 0.12642138 -0.2251473 0.10455011 -0.02571334 0.057361305 0.14084932 -0.051139694 0.31474197
mismo 0.2958358 0.6802529 -0.42002502 -0.116309255 0.92130625 0.46905136 -0.5614251 -0.22718595 -0.36116713 -0.64757 0.22390185 -0.4759331 -0.31761965 -0.54983014 -0.47712392 -0.37129313 -0.04466105 0.4666365 0.2668199 0.12610327 -0.6795976 -0.1268375 0.22306658 0.051388163 -0.056574978 0.015327955 0.07524401 0.013321994 -0.09847638 0.23689018
fechas 0.114066616 0.75171316 -0.48931682 -0.18688701 1.0266467 0.5038086 -0.54655683 -0.06384196 -0.34626552 -0.8231671 0.23493083 -0.5507692 -0.3354085 -0.62288904 -0.37489262 -0.50351393 -0.058679827 0.3991368 0.25745744 0.0008858715 -0.53547657 -0.31966937 0.11640699 -0.22436206 0.031297836 0.016926758 0.005803604 0.086586066 -0.074730374 0.23768896
segun 0.07126062 0.63820016 -0.3567072 -0.17953162 0.9536877 0.38870507 -0.38259614 -0.07167959 -0.25090092 -0.69636536 0.24528737 -0.34002414 -0.25688845 -0.5240275 -0.24248974 -0.47401613 -0.0827904 0.36434007 0.2488801 0.014046555 -0.45364407 -0.19069621 0.105478376 -0.1811229 -0.057406094 0.03718085 -0.03981631 0.058034595 -0.103556626 0.24742924
posible 0.1948493 0.84432787 -0.48606563 -0.13235456 1.1737522 0.57740116 -0.664269 -0.25754857 -0.33073953 -0.78447324 0.29678434 -0.60554314 -0.44103384 -0.6049015 -0.5229941 -0.60743797 -0.014257629 0.46110484 0.28050482 0.09635088 -0.70287824 -0.24320066 0.16225779 -0.082752585 -0.0037841902 0.011685562 0.10249997 0.102352194 -0.07834978 0.30460563
adjuntamos -0.03256916 0.183481 -0.4103737 -0.43000764 0.4865263 -0.009128668 -0.1435565 0.35711965 0.060024217 -1.2216394 0.081609994 0.42052415 -0.10137317 -0.50285757 0.26632747 -0.041513614 0.16520302 0.26902154 0.16687368 -0.33186287 -0.5469205 -0.18931028 0.034293592 -0.5577314 -0.39288148 0.13712795 -0.24099633 -0.40592596 0.40580732 -0.16911623
registro 0.23863265 1.119244 -0.40100154 -0.20302261 1.3184271 0.7451034 -0.74799937 -0.23864019 -0.45739314 -0.779983 0.48573467 -0.7361925 -0.38599014 -0.81690556 -0.731719 -0.51268184 -0.09950009 0.5739962 0.3466057 0.24049582 -0.7937563 -0.32811803 0.23404032 0.0889401 0.123827845 -0.0337482 0.017988818 0.049495813 -0.10367782 0.462409
realizarse 0.01702064 0.2757417 -0.2808009 -0.28078324 0.6226527 -0.23215815 -0.18195349 -0.055663396 0.065032855 -0.6802099 0.07173996 0.35592738 -0.12981203 -0.38935715 0.13441713 -0.047297418 0.080663756 0.21200944 0.019315653 -0.17504898 -0.595124 -0.053049047 0.15555209 -0.31843552 -0.52075434 0.19108361 -0.1969832 -0.11707627 0.17917225 -0.015694134
anos 0.50681156 0.81854296 -0.40265444 -0.08942131 0.93002623 0.5338069 -0.6738215 -0.5500982 -0.33036074 -0.47805542 0.2134351 -0.5611618 -0.4950814 -0.4191461 -0.6133698 -0.33462304 -0.046686407 0.31894937 0.1794096 0.29567423 -0.88484645 -0.03545687 0.27846864 0.32760337 -0.06547117 -0.018547645 0.18411212 -0.00019152992 -0.17810215 0.20652448
semestres 0.40284392 1.0148704 -0.5826642 -0.104772046 1.1096066 0.7013623 -0.77731377 -0.48521644 -0.36756116 -0.79723835 0.352733 -0.6306653 -0.5245477 -0.55970657 -0.68450195 -0.64694947 -0.032658253 0.38336557 0.36644086 0.36839607 -0.84690833 -0.12828897 0.19683795 0.14520374 0.03913839 0.03106014 0.2076057 -0.042285413 -0.110875785 0.2436717
reconocimiento 0.29223248 0.44144222 -0.30812964 -0.18591984 0.645726 0.24962053 -0.472423 -0.2180642 -0.13921055 -0.5913595 0.120480604 -0.056705486 -0.32462823 -0.320919 -0.24905661 -0.15983513 0.07096517 0.3535295 0.21474865 0.007044031 -0.778711 -0.04991205 0.14615963 0.037434034 -0.24965963 0.0615045 0.08211931 -0.053369008 0.07489749 0.021029161
mas 0.23784076 0.9016443 -0.60551697 -0.19085148 1.2131053 0.72962123 -0.70953447 -0.17812085 -0.46260622 -0.8672322 0.32767475 -0.7346973 -0.43663073 -0.7559131 -0.5561651 -0.6613155 -0.111115895 0.47474146 0.38513547 0.14905173 -0.6016252 -0.37437564 0.11481064 -0.104792394 0.12821941 0.0005880272 0.11166762 0.14560972 -0.14863154 0.32782236
medio 0.23237215 0.6477248 -0.18402313 -0.21691346 0.81513447 0.3876078 -0.52803034 -0.11450626 -0.34989962 -0.39551514 0.26957983 -0.30515957 -0.2978041 -0.4010353 -0.33462977 -0.2988041 0.0077882046 0.47914395 0.19054168 -0.027662572 -0.5721902 -0.15809865 0.068602726 -0.003214787 -0.08685158 0.07361965 0.0073417677 0.19121635 -0.087609395 0.235454
meta 0.11301092 0.18396144 -0.08625109 -0.42345786 0.53782463 -0.09344575 -0.17106597 -0.09724999 0.18961811 -0.51571715 0.024192387 0.63590866 -0.28246868 -0.111238725 0.26151899 0.10411283 0.26097602 0.35336614 -0.07050163 -0.40518367 -0.851241 0.089218214 0.10865626 -0.31286836 -0.6629181 0.21391386 -0.010234751 -0.09139137 0.36687425 -0.14797404
ustedes 0.23353152 0.6517385 -0.2843071 -0.15209514 0.88058925 0.3979742 -0.5628696 -0.22903343 -0.35839754 -0.4437913 0.2438813 -0.37255412 -0.41330352 -0.37472433 -0.30640998 -0.4016493 0.017078925 0.47401237 0.24726535 0.05172429 -0.598823 -0.13030328 0.05855784 0.011264886 -0.111323886 0.045988075 0.041355427 0.2157791 -0.10096703 0.18431066
trabajadores 0.32155144 1.0772971 -0.6423185 -0.21934798 1.391956 0.8104598 -0.7587727 -0.4120822 -0.52641624 -0.9750162 0.45427674 -0.84638447 -0.48598838 -0.85613275 -0.6779539 -0.6935346 -0.13156588 0.48951063 0.37778947 0.31174964 -0.8483339 -0.32204118 0.27864146 0.07080016 0.12527855 -0.055761304 0.14372565 -0.0020628322 -0.16429736 0.41091934
momento 0.20253803 0.66392785 -0.4888002 -0.17032611 0.96576864 0.43291727 -0.5235949 -0.15114805 -0.33786494 -0.65542054 0.30094334 -0.58729076 -0.26701415 -0.58114225 -0.44057646 -0.46472117 -0.11547974 0.36526632 0.23047493 0.10142639 -0.48846322 -0.2591697 0.13593291 -0.040368285 0.08194817 -0.05473645 0.046628706 0.08836414 -0.20741174 0.24862291
bucaramanga 0.10375348 0.41925654 -0.29133928 -0.18411736 0.6831414 0.10691026 -0.26916796 -0.05673885 -0.1426098 -0.50064856 0.12993482 -0.06981923 -0.16580512 -0.34099376 -0.048263323 -0.20821922 0.017914046 0.34311214 0.08363516 -0.07624568 -0.50878024 -0.1055224 0.078568794 -0.20260319 -0.25086018 0.09394863 -0.05979313 0.031248005 -0.002451574 0.102399744
comedidamente 0.38003346 0.5713046 -0.103161044 -0.18420346 0.73803985 0.3129046 -0.5711174 -0.35318565 -0.2570342 -0.1965634 0.14747031 -0.23993568 -0.47564283 -0.17037326 -0.29264995 -0.18329379 0.13962534 0.39217445 0.057865396 -0.017444495 -0.75412625 0.01701708 0.095272146 0.16906081 -0.21679531 0.070748836 0.14177036 0.19269402 -0.07514022 0.10309055
ovp 0.112626016 0.44532135 -0.21089174 -0.22485702 0.6811347 0.09984039 -0.37720338 -0.09778542 -0.09140303 -0.461079 0.09401734 -0.050977416 -0.29996806 -0.2995691 -0.10654906 -0.19153129 0.11554736 0.3181128 0.08607351 -0.17466123 -0.5796548 -0.075729825 0.1306524 -0.1717008 -0.28818116 0.09976211 -0.05341584 0.08658499 0.053410754 0.0881028
propio_consolidacion -0.06354527 0.21266915 -0.42651924 -0.413111 0.47163343 0.057028674 -0.14199847 0.3228844 0.046913184 -1.3031166 0.074296854 0.39680904 -0.110119656 -0.49906185 0.28887078 -0.08647222 0.14336196 0.3063229 0.15280846 -0.31016904 -0.5469651 -0.20429003 -0.00011429866 -0.5940058 -0.3333053 0.10491138 -0.20554207 -0.4333382 0.45196742 -0.16378452
indica 0.11814358 0.77287793 -0.5614705 -0.21721917 1.1118615 0.5577334 -0.6336119 -0.04109251 -0.37425902 -0.88023883 0.27646568 -0.6310679 -0.3813083 -0.7312999 -0.42212737 -0.5980892 -0.06175798 0.46338978 0.32016414 0.03852624 -0.5052179 -0.39293128 0.10204703 -0.25350067 0.06416616 0.024336847 -0.00052563834 0.07491515 -0.057316273 0.28872788
pago 0.38166174 1.0622615 -0.5760259 -0.093647726 1.2035866 0.7700974 -0.8801912 -0.41446903 -0.38825354 -0.68192285 0.3520989 -0.5391039 -0.6482185 -0.47054216 -0.64312416 -0.65819514 0.06586149 0.4698595 0.36934653 0.261483 -0.7999964 -0.17282301 0.047523357 0.1475499 0.068634555 0.1338103 0.21315376 0.1074831 -0.17271647 0.15233447
anexo 0.2388487 0.77104753 -0.2406848 -0.16316016 0.9288528 0.44988215 -0.5916846 -0.27249786 -0.33466363 -0.5020363 0.2414433 -0.44413158 -0.4353551 -0.4235542 -0.4103104 -0.41967592 0.059351005 0.4285764 0.23292047 0.06469135 -0.64527535 -0.12895389 0.18751965 0.044986647 -0.07914341 0.0064521935 0.09960417 0.1335138 -0.01755463 0.2772987
adjudicacion 0.12081723 0.25261286 -0.12860462 -0.40272328 0.66766053 -0.21620806 -0.25036106 -0.20068736 0.10522827 -0.26797184 -0.027297713 0.6220572 -0.4085266 0.03300168 0.28619176 0.14106187 0.23170383 0.41116163 -0.15680368 -0.4244142 -1.0140954 0.12664142 0.14224206 -0.21793203 -0.8453575 0.20329826 -0.105322026 0.12626782 0.22303163 -0.12966664
archivo 0.14993295 0.7656927 -0.30858693 -0.2472348 0.9737237 0.47979555 -0.5255059 -0.23391077 -0.29151273 -0.64156795 0.29298335 -0.4288953 -0.38770127 -0.5890511 -0.39773202 -0.513687 0.057214644 0.42430624 0.1958032 0.052999407 -0.5474709 -0.25615594 0.21821739 -0.06967447 -0.06822215 -0.072888136 0.10000698 0.061681077 0.057598416 0.31712934
sea 0.3033862 0.6644884 -0.29589692 -0.15524247 0.8495103 0.48609835 -0.5457815 -0.24453747 -0.3400687 -0.39368173 0.20841525 -0.37001598 -0.38420683 -0.31610024 -0.3334445 -0.37162784 0.03589524 0.42735374 0.23963504 0.08630693 -0.6075867 -0.09046637 0.055748854 0.05682 -0.06400265 0.07111457 0.10871129 0.15185092 -0.14125034 0.15384322
continuar 0.5507566 0.7061099 -0.28861144 -0.14745331 0.8463071 0.48471186 -0.55248505 -0.5658745 -0.20118156 -0.37504545 0.1589903 -0.52713966 -0.37859592 -0.3947083 -0.6366195 -0.12822703 -0.12481606 0.22499816 0.028542563 0.19847679 -0.8301151 -0.036553603 0.3163142 0.42804673 -0.01232809 -0.054116614 0.23817067 0.013648559 -0.26131693 0.2102325
estoy 0.34781644 0.6137957 -0.21722351 -0.15570013 0.75243914 0.36012024 -0.5393591 -0.29813004 -0.29629147 -0.3707006 0.17701283 -0.298553 -0.4018862 -0.29045188 -0.35399228 -0.26275656 0.06089683 0.37295932 0.1538495 0.03911162 -0.6621921 -0.11516992 0.101026736 0.09706403 -0.13802135 0.051035177 0.064184055 0.17385727 -0.07927174 0.15218231
informa 0.06641388 0.58989704 -0.47123137 -0.2161317 0.9205485 0.31636575 -0.38504437 -0.051780023 -0.18264394 -0.78735936 0.2528973 -0.349457 -0.17542861 -0.5873875 -0.272761 -0.39609766 -0.10150245 0.3317427 0.20876 0.03853885 -0.42959073 -0.23819919 0.13029073 -0.2453147 0.0117428135 0.06352524 -0.027569631 -0.036214564 -0.05891431 0.2358003
muchas 0.2580068 0.46289653 -0.17421232 -0.15273692 0.7318954 0.15832174 -0.49518776 -0.22147086 -0.16635558 -0.29959875 0.14672951 -0.025693998 -0.4104879 -0.14836344 -0.18605566 -0.2137261 0.17577125 0.4026974 0.06593343 -0.14225242 -0.7175494 0.013854848 0.07814875 0.047960006 -0.3129693 0.0732176 0.017632682 0.18315992 -0.0034123596 0.03303294
refinacion 0.15633558 0.14995241 -0.09800798 -0.51852834 0.65859306 -0.5199016 -0.20306252 -0.2383702 0.2605121 -0.22170891 -0.10578022 1.078262 -0.4641482 0.17201129 0.56637514 0.40168756 0.3589251 0.47008318 -0.32568592 -0.6100079 -1.3961943 0.24258275 0.22881193 -0.2864024 -1.2747036 0.33589402 -0.12758628 0.16560818 0.33680698 -0.3360463
tramite 0.08021056 0.91883904 -0.64496773 -0.21922526 1.3362962 0.61985064 -0.6182423 -0.14097658 -0.40706006 -0.9629567 0.36201158 -0.7093038 -0.36191344 -0.83028275 -0.47880432 -0.7276148 -0.109694 0.49984848 0.3439733 0.106255665 -0.55671775 -0.3675292 0.15868635 -0.24553178 0.06945801 0.0101918755 0.060097754 0.081047036 -0.09704404 0.39277613
dar 0.107590504 0.8277424 -0.56170803 -0.16699092 1.2071103 0.5382652 -0.5395101 -0.13485946 -0.33593932 -0.8974225 0.29159242 -0.6432946 -0.3082516 -0.7010776 -0.41631505 -0.65458435 -0.063988306 0.43903533 0.31645066 0.072512165 -0.5321488 -0.34958065 0.196086 -0.23619565 0.067671664 0.0153960325 0.019464437 0.043968733 -0.09970143 0.3570182
error 0.25797057 0.58363074 -0.3814175 -0.2273765 0.9003735 0.29039177 -0.48163489 -0.18580261 -0.25147736 -0.58558446 0.22181751 -0.37708217 -0.26067 -0.5200007 -0.37928724 -0.32417855 -0.06452532 0.36513743 0.16737533 -0.023970373 -0.5990261 -0.1620661 0.17445248 0.007231009 -0.080319494 -0.018444493 0.066777915 0.10686075 -0.16017573 0.21319075
teniendo 0.09596485 0.7845941 -0.3781263 -0.16738902 1.109627 0.53748983 -0.5668767 -0.17158431 -0.43009624 -0.6108165 0.30720997 -0.5373253 -0.41877577 -0.51123464 -0.3800337 -0.66832316 0.05829794 0.5214561 0.28157717 -0.0054725157 -0.5522511 -0.22378576 0.11898688 -0.16850874 -0.052498087 0.0021063497 0.06452991 0.17311476 -0.04522805 0.31902003
soporte -0.0090542035 0.527888 -0.39888537 -0.19847508 0.8088639 0.25394204 -0.28255942 0.021353344 -0.12702522 -0.7637596 0.19976828 -0.27109012 -0.06557892 -0.5794579 -0.23894045 -0.35663822 -0.11819704 0.21540263 0.15320747 -0.023164058 -0.35507786 -0.24615754 0.113947675 -0.2718812 0.01903541 0.043286968 -0.06656789 -0.11782373 -0.0471675 0.19658525
saber 0.16525298 0.71579295 -0.42962638 -0.20093782 0.9213577 0.48491392 -0.57792884 -0.13926919 -0.3201385 -0.65289944 0.22259226 -0.50428605 -0.37919706 -0.5492467 -0.42570782 -0.4196898 -0.019202858 0.4026628 0.25017998 -0.013549738 -0.57066166 -0.2481425 0.14889982 -0.115839764 -0.004495231 -0.003579952 0.0689269 0.10234373 -0.027057776 0.22247271
barrancabermeja 0.26668796 0.6589503 -0.28532568 -0.14808935 0.7861364 0.36477005 -0.46358502 -0.24591689 -0.21759558 -0.49839213 0.2118238 -0.2233453 -0.3565203 -0.41811475 -0.3416744 -0.25442576 0.06530703 0.39436832 0.19151054 0.10337359 -0.69240534 -0.03964244 0.1696239 0.047145456 -0.18033737 0.027663646 0.10536558 -0.010208292 -0.0187382 0.17421544
aun 0.3545077 0.7617227 -0.4883332 -0.19832888 1.0845454 0.5021683 -0.5727496 -0.3664257 -0.29690287 -0.71157366 0.21234757 -0.58437765 -0.2900749 -0.6384591 -0.5073889 -0.41271225 -0.12477298 0.38899577 0.19022404 0.14755037 -0.66064066 -0.1258539 0.29907548 0.06998643 -0.038137805 -0.060342938 0.15606555 0.0015545805 -0.2285902 0.27022874
respecto 0.18682507 0.45945525 -0.11655522 -0.17320953 0.6329275 0.114250615 -0.3653455 -0.25449702 -0.15788417 -0.39444742 0.104926474 -0.10345994 -0.27236983 -0.32656607 -0.18690209 -0.14697184 0.06014723 0.27837977 0.04226124 -0.04948622 -0.6679578 -0.057263017 0.18220077 -0.01400483 -0.31415677 0.008648838 0.016311321 0.044804182 0.018949179 0.11770487
salud 0.82459265 0.551251 0.043446932 -0.14055116 0.58754104 0.14877298 -0.6978702 -0.7508086 -0.0317481 0.011132991 -0.11890273 -0.023849254 -0.5950143 -0.06879256 -0.494395 0.19905153 0.20486723 0.21254362 -0.12870198 -0.09480534 -1.3323693 0.2475321 0.28973186 0.6529832 -0.5898969 0.07838768 0.26820114 0.23114131 -0.085711956 -0.046602022
nota 0.0024559349 0.44588298 -0.3281509 -0.2678614 0.7643039 0.099234566 -0.25272515 0.022363925 -0.06507651 -0.7084727 0.20752217 0.06874566 -0.1959829 -0.38602504 -0.01979997 -0.31403634 0.05295013 0.3266208 0.15765248 -0.07926484 -0.48315766 -0.09283184 0.083316855 -0.31135926 -0.22720978 0.106330425 -0.10957906 -0.12184451 0.10575663 0.08462008
gestionado 0.06890667 0.40420976 -0.39745378 -0.31921238 0.7610176 0.09631113 -0.28012824 0.024889478 -0.04332573 -0.88808155 0.14601652 0.082814716 -0.19240499 -0.455143 -0.0101207085 -0.23256369 0.07606841 0.309391 0.13857418 -0.15874924 -0.5891218 -0.15288265 0.13305327 -0.33380517 -0.30812532 0.14912237 -0.11485372 -0.11722272 0.16003095 0.015509953
ticket 0.119338155 0.28744066 -0.28488705 -0.23213412 0.64610213 -0.09423971 -0.2568512 -0.101980366 0.04002213 -0.57494146 0.048965737 0.14662793 -0.18928707 -0.30920324 0.015534378 -0.090781294 0.076644465 0.25714597 0.04562608 -0.1494168 -0.62347746 -0.06652424 0.14920129 -0.2413012 -0.37994578 0.17714912 -0.14546362 0.0241768 0.066611975 -0.00072192634
grado 0.24141966 0.7448199 -0.3028377 -0.11378135 0.8608631 0.42056224 -0.6689267 -0.25082678 -0.3450816 -0.471417 0.22057669 -0.3421364 -0.42447287 -0.35194376 -0.4075074 -0.30838087 0.1061388 0.4719331 0.2530256 0.10929662 -0.7751479 -0.13986345 0.13627627 0.06626993 -0.12777828 0.05969856 0.027494801 0.15426563 0.0100459885 0.14286086
radicar 0.12000395 0.5988678 -0.43722513 -0.1756614 0.9355138 0.35522288 -0.4465705 -0.044200055 -0.27691227 -0.6785662 0.25947973 -0.41172776 -0.17705144 -0.55124086 -0.26736674 -0.42975318 -0.10092517 0.38269618 0.19611073 0.01372042 -0.47979435 -0.26509228 0.06577193 -0.20309734 -0.011483478 0.020848919 -0.01106916 0.049244277 -0.09945561 0.2082953
agradecemos 0.15564889 0.78603214 -0.3602142 -0.16571759 1.0019395 0.42532864 -0.6079322 -0.2617369 -0.30386493 -0.60576695 0.28698304 -0.45321724 -0.51013476 -0.45438334 -0.4203638 -0.56838995 0.114075616 0.44687226 0.28534302 0.05301664 -0.6295031 -0.16810128 0.15094216 0.00014854685 -0.11966616 0.015718259 0.073366605 0.12742718 0.007127611 0.2456406
opcion 0.22458647 1.0060638 -0.5116699 -0.20786081 1.2966833 0.7505636 -0.77988446 -0.1394312 -0.52118105 -0.8547566 0.37425467 -0.76066077 -0.41593045 -0.79193115 -0.648028 -0.6293918 -0.09018929 0.5660035 0.41738996 0.1185437 -0.690408 -0.4000661 0.14681706 -0.13934655 0.13056877 0.0022375723 0.015197747 0.14277522 -0.07586403 0.41446906
descripcion 0.12148515 1.2310913 -0.59292287 -0.27597928 1.5302562 0.8461805 -0.83379364 -0.1123547 -0.58601576 -1.0750885 0.5792758 -0.8329943 -0.4353466 -1.0433229 -0.7555908 -0.7518536 -0.13857077 0.63938165 0.46380067 0.16797504 -0.69948024 -0.5012077 0.19617593 -0.1605921 0.24960388 -0.05695185 -0.0378851 0.082180455 -0.048407473 0.561446
acceder 0.16798665 0.8285842 -0.49356252 -0.2651019 1.1566967 0.5870957 -0.68628204 -0.1282785 -0.4145949 -0.8700458 0.38817877 -0.6347638 -0.4041715 -0.77956706 -0.53685373 -0.5960912 -0.085813455 0.46837527 0.317046 0.055666387 -0.6038453 -0.41492328 0.15361404 -0.16095987 0.09553063 -0.038786553 0.03260775 0.1172898 -0.025515553 0.3367449
igual 0.11422387 0.70353055 -0.5939938 -0.13734716 1.0598457 0.41657117 -0.42808574 -0.10698594 -0.26211557 -0.93314475 0.28410065 -0.49684668 -0.12625301 -0.6738439 -0.351801 -0.54963547 -0.17803597 0.34128165 0.3552074 0.1826872 -0.43425602 -0.29896817 0.18965223 -0.24954687 0.042203058 0.07673945 -0.0068992632 -0.09469009 -0.11324752 0.2951593
poder 0.3677599 0.7085598 -0.34697828 -0.10727281 0.8967571 0.6040203 -0.64575845 -0.3756884 -0.40052333 -0.4941672 0.2413918 -0.57357955 -0.44095078 -0.39164665 -0.46215287 -0.41132954 -0.05067115 0.41064933 0.25758877 0.24897575 -0.6759837 -0.111358136 0.1284729 0.14964835 0.011275743 0.016265152 0.17169566 0.11301288 -0.1734741 0.1985958
motivo 0.12407963 0.72026706 -0.53203183 -0.2136484 1.0671122 0.53582895 -0.5443757 -0.0064089866 -0.3655353 -0.80998564 0.33439815 -0.52436703 -0.27830023 -0.7272341 -0.47241133 -0.57763124 -0.13990848 0.39501777 0.33387017 0.08716036 -0.42151332 -0.40634355 0.06765749 -0.23051274 0.15328489 -0.012825718 0.014006804 0.050123863 -0.055033527 0.2925827
enviado 0.14023624 0.6849066 -0.30360568 -0.256791 0.9140945 0.3586974 -0.47140837 -0.18884669 -0.20776019 -0.5167024 0.17275745 -0.300361 -0.3944325 -0.4114192 -0.23928876 -0.3592446 0.07436893 0.42548648 0.12286287 -0.061343823 -0.6693014 -0.109563455 0.15998891 -0.08130802 -0.20340133 0.043948006 0.05801353 0.11255102 0.017511846 0.19336917
documento 0.11847143 0.7449217 -0.366553 -0.1285846 1.0033118 0.44365218 -0.5135933 -0.15047535 -0.35388586 -0.53824496 0.2904586 -0.45122665 -0.35625365 -0.46406928 -0.34168968 -0.5499107 0.0025268183 0.44616142 0.19714244 0.04661517 -0.5287433 -0.17347157 0.11683792 -0.06737014 -0.031300407 -0.007636058 0.021325536 0.10778658 -0.071618 0.2555604
numero 0.045062587 0.70928496 -0.4287447 -0.19390774 0.95300573 0.34361738 -0.41101232 -0.07208427 -0.19368258 -0.75134146 0.28744927 -0.3291671 -0.17821042 -0.609387 -0.28829938 -0.45093554 -0.05586649 0.36117563 0.20806614 0.066902086 -0.4574953 -0.1984058 0.16826575 -0.20018288 -0.051955286 0.093183056 -0.030943329 -0.10020648 -0.049265057 0.22289492
precedente 0.048724193 0.7093136 -0.4195252 -0.1886899 0.9933883 0.44478193 -0.45880294 -0.036826354 -0.3062095 -0.7900519 0.30707586 -0.4960288 -0.2251779 -0.6804819 -0.37853914 -0.5274459 -0.08500672 0.35704634 0.25077686 0.040088758 -0.3987973 -0.34430358 0.14746694 -0.22964098 0.06293333 0.016462062 -0.026407408 0.018263612 -0.054744836 0.31964633
antemano 0.2306346 0.47490877 -0.26851386 -0.13805397 0.7094395 0.19819272 -0.39008224 -0.1902672 -0.068648346 -0.40304977 0.15135735 -0.047013234 -0.24998869 -0.23855613 -0.22136314 -0.2154802 0.043908015 0.24269597 0.07747887 -0.018594101 -0.6015416 -0.030639496 0.08217291 -0.013297674 -0.18505585 0.13518237 0.02499646 0.054588933 -0.07363068 0.050173134
envia 0.13191031 0.550111 -0.1521131 -0.18173538 0.8406492 0.25140423 -0.45726413 -0.20331055 -0.23058623 -0.3338745 0.1868239 -0.10416001 -0.4078614 -0.25033024 -0.17607436 -0.30653498 0.15603754 0.47127095 0.14050798 -0.09830808 -0.69083565 -0.029121663 0.123606674 -0.037821896 -0.29785714 0.07039976 -0.0058136117 0.1299865 0.0521265 0.12459634
requisitos 0.18753438 0.9238542 -0.5342241 -0.21386965 1.2112414 0.6171515 -0.6784678 -0.1608266 -0.4126604 -0.85814977 0.36607516 -0.66523904 -0.38387728 -0.7482294 -0.5748541 -0.6180664 -0.06561609 0.45214033 0.32884264 0.07623368 -0.61970097 -0.36817566 0.19611472 -0.12395394 0.091501005 -0.012253999 0.058191266 0.0797725 -0.104080364 0.32868978
era 0.080884226 0.8856179 -0.45652425 -0.24006437 1.1781971 0.59833765 -0.58909607 -0.046911694 -0.4551632 -0.83296365 0.39283273 -0.65215087 -0.27355266 -0.7745765 -0.4905393 -0.6122403 -0.14845186 0.5607293 0.32697234 0.09834687 -0.5436158 -0.39838904 0.09210969 -0.21031035 0.07891122 0.026302157 -0.042001694 0.09716687 -0.14454949 0.41249415
sin_embargo 0.14529526 0.7252379 -0.42538562 -0.23862976 1.025109 0.4490199 -0.55987895 -0.037547246 -0.3327979 -0.785245 0.31426942 -0.45576933 -0.25079268 -0.7206439 -0.4533122 -0.51938236 -0.12127779 0.42843965 0.3000643 0.03942056 -0.4378241 -0.39618656 0.13698547 -0.20619665 0.046926774 0.010610811 -0.05654598 0.11575177 -0.052153975 0.33671048
validar 0.17126419 0.7466188 -0.4118641 -0.16314214 1.0259377 0.40009588 -0.5861961 -0.2185972 -0.26633012 -0.6760898 0.26644397 -0.4052938 -0.42901722 -0.50912654 -0.36875805 -0.53736603 0.05157367 0.4181628 0.25108328 0.02085071 -0.6198862 -0.20609356 0.1626051 -0.09656423 -0.102608874 0.020363655 0.07179251 0.06455842 -0.023424087 0.19855364
ante 0.21658674 0.8758922 -0.33606943 -0.15742978 1.0354886 0.5713707 -0.6481135 -0.22443728 -0.42021933 -0.56299406 0.30442798 -0.54547244 -0.4707157 -0.5645687 -0.5062232 -0.47803515 -0.024624722 0.492534 0.29915503 0.08108759 -0.7055072 -0.23758234 0.12904225 0.04675374 -0.0035922574 -0.007117879 0.06829448 0.13611655 -0.06401714 0.33162147
materias 0.18136556 0.9555075 -0.5900551 -0.008395058 1.014377 0.5369931 -0.6777106 -0.26447546 -0.09110703 -1.0272491 0.41777644 -0.5981482 -0.32239926 -0.72336155 -0.7006529 -0.58582026 -0.2786968 0.19351889 0.2175326 0.5548612 -0.7411045 -0.18472828 0.1587107 0.039401535 0.20264034 0.101443164 0.047080193 -0.3332178 -0.1759742 0.25417632
mantenimiento 0.6576757 0.38551742 -0.070019335 -0.1792814 0.45417196 0.0031604904 -0.38648963 -0.6491989 0.19709703 -0.1694686 -0.13683157 0.064341106 -0.2618831 -0.16007708 -0.42069662 0.29965973 0.030657828 -0.015233376 -0.22615768 -0.0777891 -1.1291388 0.23182073 0.40808392 0.53290343 -0.5096804 0.0726207 0.19070461 -0.02198264 -0.10173245 0.0008163515
civil 0.14562093 1.1558912 -0.4733707 -0.18358967 1.3659987 0.7422497 -0.73828423 -0.25916496 -0.47007245 -0.94333696 0.5831321 -0.7840416 -0.38712484 -0.9191885 -0.78499657 -0.5777686 -0.13380285 0.52924687 0.36788157 0.35640642 -0.8517186 -0.31482112 0.27025262 0.11168269 0.14477783 -0.050793692 -0.010646141 -0.04792579 -0.069161676 0.43216452
realizo 0.31353572 0.95758194 -0.6041233 -0.14192972 1.0942619 0.6567517 -0.7036229 -0.37807342 -0.3265158 -0.8678724 0.31477553 -0.6381042 -0.38255256 -0.63995826 -0.6136499 -0.5666747 -0.12583901 0.3687726 0.31304005 0.34728876 -0.74047464 -0.1794679 0.23236407 0.052153345 0.07054506 0.028105328 0.17970452 -0.10705409 -0.17589994 0.30351135
tiempo 0.13822675 0.59714794 -0.41232625 -0.19591892 0.8443146 0.36254737 -0.29567602 -0.14924105 -0.13900349 -0.7276413 0.17403005 -0.30143026 -0.13142872 -0.50434935 -0.25982544 -0.39670834 -0.15904742 0.23447485 0.20084468 0.06738042 -0.48487106 -0.17545024 0.19380042 -0.1318171 -0.033708367 0.029997753 -0.010645085 -0.073091276 -0.105617754 0.23089369
continuacion 0.2510215 0.4730922 -0.19469121 -0.09689242 0.6193905 0.12879671 -0.44800246 -0.18044691 -0.261934 -0.3364252 0.05756597 -0.18408492 -0.34464565 -0.24288113 -0.1690044 -0.20445359 0.08698889 0.37444517 0.12370259 -0.044645987 -0.63199514 -0.055256043 0.13123783 -0.021256743 -0.27106786 0.098888144 -0.046702024 0.23446837 -0.05220691 0.08301394
termino 0.39655238 0.7503366 -0.47058797 -0.019655952 0.7280682 0.43297726 -0.6050147 -0.3630946 -0.033039726 -0.75975424 0.228752 -0.4303037 -0.3067649 -0.4869564 -0.6074171 -0.38427266 -0.21066299 0.11172072 0.08639293 0.42229426 -0.7538225 -0.026698003 0.18098457 0.120688975 0.04904459 0.12499675 0.19084196 -0.2472629 -0.14813909 0.097700894
proceso 0.15860555 0.6898597 -0.3594328 -0.19809195 0.88607454 0.36073568 -0.5097326 -0.15913598 -0.27054948 -0.5852621 0.22649713 -0.36552775 -0.32282725 -0.48539028 -0.36746293 -0.33934397 0.011954637 0.3953718 0.2175968 0.008392321 -0.6194988 -0.18517269 0.13098267 -0.06591154 -0.1055161 0.046919785 0.04541188 0.07765378 -0.020259084 0.18727507
linea 0.15411676 0.9362991 -0.6960006 -0.23036137 1.2920479 0.68653727 -0.70247334 -0.08914488 -0.45393798 -1.0652912 0.3306768 -0.7793972 -0.37696254 -0.87291634 -0.49652937 -0.6866859 -0.11888207 0.5382306 0.4128119 0.081802435 -0.60034394 -0.44631097 0.12522629 -0.30042613 0.1468713 -0.008379621 0.04223544 0.10780183 -0.11620758 0.3461966
primer 0.24196127 0.7197636 -0.41779375 -0.16548301 0.8891989 0.5062147 -0.6471681 -0.105173595 -0.3266132 -0.7572209 0.20439881 -0.4326903 -0.42808428 -0.49694794 -0.38210216 -0.4316906 0.031405997 0.43903598 0.32562077 0.025073206 -0.630391 -0.26704457 0.09956816 -0.111267425 -0.057105716 0.06571429 0.060434096 0.09837329 0.0077157947 0.16932763
certificado 0.16084313 0.8174984 -0.2850054 -0.14355122 1.0799528 0.5459983 -0.63853204 -0.23669772 -0.48183578 -0.36651486 0.33447087 -0.41280383 -0.56598455 -0.32314003 -0.2982103 -0.6448681 0.14476396 0.604015 0.2740278 0.074229434 -0.6313008 -0.06097876 0.083062656 0.01895844 -0.11170116 0.013877417 0.05943881 0.20837481 -0.080500364 0.29594365
kactus 0.19846766 0.74613607 -0.35627207 -0.26800218 1.0774633 0.45052725 -0.5608321 -0.06866373 -0.40189832 -0.67968726 0.373222 -0.4106807 -0.26558495 -0.6506263 -0.44175667 -0.46070814 -0.05357818 0.5125913 0.23797533 -0.005039066 -0.52883345 -0.35181057 0.101136334 -0.122426614 -0.0016797816 0.04927391 -0.07167987 0.17808871 -0.11679822 0.30496138
cargar 0.2924198 0.536818 -0.37151346 -0.21214983 0.7907344 0.23332086 -0.42604887 -0.2883722 -0.14183038 -0.57219213 0.1325741 -0.2595483 -0.21103321 -0.47111744 -0.37669173 -0.20463094 -0.0504005 0.27293906 0.09352446 -0.023414008 -0.6410594 -0.075130075 0.2791612 0.06584122 -0.14325693 -0.03268159 0.07315599 0.02980767 -0.15692496 0.13578601
vigente 0.305825 0.72083205 -0.34814698 -0.13692415 0.92097884 0.41099727 -0.5096517 -0.32417074 -0.31243443 -0.5383057 0.21247143 -0.44213495 -0.34635368 -0.48924538 -0.3901337 -0.3534688 -0.029294403 0.3570395 0.14954862 0.096668206 -0.71157783 -0.12471494 0.2261192 0.07127014 -0.13369271 0.009772795 0.13293728 0.026161917 -0.07735948 0.21211432
sin 0.3220945 0.5740093 -0.29422954 -0.16349822 0.77251256 0.39876586 -0.50979877 -0.29493964 -0.2746434 -0.35238633 0.12751307 -0.36958227 -0.3772068 -0.28584415 -0.35286656 -0.30188265 0.007077638 0.3651548 0.16324855 0.07683442 -0.65804064 -0.098246455 0.13407272 0.059175607 -0.09427729 0.040247682 0.09534489 0.123633586 -0.088753685 0.17214113
misma 0.44601396 0.9735782 -0.594121 -0.22292992 1.3072429 0.6318075 -0.8440271 -0.45293084 -0.43995294 -0.76961446 0.359494 -0.60229796 -0.5676667 -0.57105285 -0.60525256 -0.49731803 -0.026897194 0.54849243 0.33241534 0.22192281 -1.0028591 -0.15149464 0.21016808 0.13570115 -0.123002715 0.081220515 0.15315798 0.08575912 -0.19917277 0.27724388
periodo 0.41029724 1.045075 -0.48421165 -0.18196088 1.3068532 0.7428632 -0.8001459 -0.45460618 -0.5270384 -0.63780034 0.35696882 -0.67468655 -0.54919755 -0.59485453 -0.59626925 -0.576671 -0.0035626576 0.57782704 0.3238061 0.30911157 -0.8854335 -0.12775618 0.24427587 0.17808405 -0.031928457 -0.038239088 0.17870402 0.06479583 -0.19889763 0.34925467
seguir 0.38845536 0.97558767 -0.6413833 -0.21663049 1.3303826 0.7799715 -0.7560488 -0.4096759 -0.54500884 -0.85809857 0.3637338 -0.8329138 -0.50253356 -0.7307297 -0.60972005 -0.6226345 -0.10275286 0.53211045 0.33517534 0.308616 -0.7841535 -0.30640483 0.22249123 0.047337186 0.10953592 -0.05122787 0.15708171 0.08247198 -0.25521228 0.38483948
desarrollo 0.4969837 0.63676876 -0.23034485 -0.0606591 0.6889926 0.3353828 -0.5853418 -0.5312786 -0.22032586 -0.3587473 0.09505311 -0.36217257 -0.40954462 -0.35423166 -0.52809745 -0.16460904 -0.034798827 0.20980537 0.08018752 0.1408999 -0.8583635 0.01440805 0.28840888 0.39122105 -0.20821454 -0.07277968 0.18608336 0.106531255 -0.10636738 0.18467407
situacion 0.22294842 0.8524047 -0.62679857 -0.1997125 1.218139 0.6649015 -0.6262496 -0.21803673 -0.46607172 -0.90504855 0.38940486 -0.7458761 -0.34715405 -0.75680494 -0.4865116 -0.607183 -0.1449926 0.52773714 0.35890973 0.22586086 -0.6661107 -0.32807696 0.17494328 -0.11069979 0.093360186 -0.026527734 0.03526519 0.0131644085 -0.17035025 0.3350543
asignacion 0.20476723 0.4381723 -0.10817089 -0.19490018 0.6585715 0.011870391 -0.2884161 -0.21639705 -0.09582687 -0.34701076 0.052505344 0.063270405 -0.22674172 -0.2900164 -0.080763355 -0.0695299 0.10801181 0.27362296 -0.046261624 -0.14017993 -0.7020895 0.060781334 0.2194045 -0.04990722 -0.43066287 0.10430188 0.004658126 -0.0079187155 0.012303718 0.06556706
antes 0.10751984 0.79294854 -0.4863384 -0.16103612 1.0641567 0.5644978 -0.48373345 -0.098021425 -0.34228992 -0.75941926 0.26612815 -0.5242393 -0.2877281 -0.639836 -0.36104068 -0.61620635 -0.1291547 0.40755397 0.34200343 0.08881508 -0.4692646 -0.2743823 0.12876241 -0.16258746 0.041131932 0.015268454 0.03171845 0.071599826 -0.15903293 0.3090934
actualmente 0.46249327 0.81775254 -0.38744712 -0.117778316 1.0105201 0.5539299 -0.7527035 -0.42280164 -0.37064898 -0.5600216 0.2590368 -0.47973487 -0.49534586 -0.43434206 -0.548342 -0.41968465 0.018726079 0.41442686 0.24992558 0.17296696 -0.90435195 -0.11843201 0.124801606 0.20503765 -0.12026531 0.08766075 0.18488356 0.13677016 -0.19326273 0.17379718
virtual 0.2958792 0.40953696 -0.13050085 -0.15064833 0.5744952 0.092476115 -0.40696725 -0.24987319 -0.06725633 -0.32581377 0.03138185 -0.025447628 -0.32678643 -0.17417426 -0.19572528 -0.060188465 0.096520655 0.23089764 0.042765863 -0.14218824 -0.7659582 0.0023822996 0.17651784 0.058455504 -0.33664715 0.08153391 0.03077785 0.103509165 -0.0094522 0.033804845
pido_incluir -0.0645864 0.018174784 -0.34213057 -0.26843208 0.8324789 -0.8038436 0.041238777 0.0047564497 0.49351183 -1.0388678 -0.00917862 0.92060584 0.2449721 -0.48767462 0.46443614 -0.042272415 0.026892781 0.11170438 0.08996572 -0.30598933 -0.7474274 -0.0462341 0.38473713 -0.66538584 -0.8553908 0.4520538 -0.49579918 -0.3091358 0.16322269 -0.16412248
retiro 0.052771144 0.30260518 -0.45083752 -0.31802654 0.5922185 0.1651465 -0.2650588 0.09041934 0.05849886 -0.99459916 0.11042452 0.14685608 -0.06534476 -0.46389794 -0.096290946 -0.072057515 0.029934864 0.23641403 0.18608415 -0.09390671 -0.55368733 -0.18606275 0.1511946 -0.33146846 -0.24335295 0.1556845 -0.0026771151 -0.3050839 0.22142167 -0.0041013714
valida 0.11360679 0.5601084 -0.3751836 -0.22087334 0.8683436 0.2168368 -0.39019695 -0.1314452 -0.11656636 -0.7212495 0.16397817 -0.23221345 -0.25758484 -0.47691885 -0.20545948 -0.33738226 0.008881338 0.3363817 0.15196612 -0.048665486 -0.55842906 -0.18086304 0.14594544 -0.22442767 -0.16298893 0.06582446 -0.033390634 -0.010077776 -0.013206864 0.15820928
estos 0.28639996 0.7027115 -0.41032743 -0.12640567 0.9410896 0.4859893 -0.5963474 -0.2909135 -0.3489407 -0.6399269 0.2081665 -0.45520437 -0.29847252 -0.5101978 -0.39937013 -0.43378085 -0.016010107 0.35176802 0.23196118 0.067546055 -0.62131876 -0.19916667 0.17302422 -0.02914548 -0.07233324 0.08920643 0.099407725 0.11953263 -0.1498523 0.17697252
requerimiento 0.079605564 0.74835736 -0.4785658 -0.17225246 1.0677327 0.47234398 -0.5346364 -0.11679907 -0.29996842 -0.8217669 0.26912156 -0.58705276 -0.29605415 -0.69693744 -0.39872238 -0.5213159 -0.056612965 0.37125212 0.239146 0.055776857 -0.5342454 -0.33587277 0.17377284 -0.2003265 0.042919945 0.012499464 0.018876983 0.061579417 -0.0630185 0.3297633
hijos 0.18987148 0.92415845 -0.44171333 -0.18069437 1.1120987 0.6568514 -0.63283575 -0.23119405 -0.44355878 -0.7776326 0.4003379 -0.76050514 -0.38151124 -0.7108632 -0.62618387 -0.5602904 -0.09977746 0.41242898 0.27826476 0.21516937 -0.59825104 -0.3343837 0.22081801 0.03334607 0.18605883 -0.0918361 0.06600112 0.055580053 -0.11767453 0.42522413
pagos 0.34364134 0.8271208 -0.44636726 0.048772205 0.7803931 0.58635885 -0.7992005 -0.47801632 -0.27339673 -0.5401602 0.25964803 -0.5625514 -0.5895007 -0.29650238 -0.7063053 -0.59409714 0.09196639 0.25098556 0.36339983 0.2807098 -0.7374027 -0.087384276 0.11420152 0.3630355 0.054174997 0.025494773 0.18705572 0.06390773 -0.037184037 0.0985977
psicologia 0.38127464 0.5839833 -0.23565851 -0.14807102 0.6711702 0.36708686 -0.5021383 -0.31698436 -0.16553171 -0.2742533 0.14650825 -0.1573639 -0.37786084 -0.20149253 -0.3817567 -0.15744518 0.056308284 0.25084415 0.13014303 0.090136446 -0.6642207 0.045672815 0.1108362 0.20894009 -0.1280787 0.096525446 0.1858417 0.0769515 -0.11100495 0.05546917
importante_aclarar 0.07248664 0.92190963 -0.46675977 -0.2914548 1.250237 0.60363114 -0.63256615 0.032468185 -0.45364082 -0.97092235 0.46934453 -0.5561034 -0.2169481 -0.8849605 -0.52315336 -0.6046609 -0.17606695 0.5665243 0.33624178 0.06788139 -0.46644342 -0.47600538 0.09154151 -0.24060065 0.13345388 0.041571453 -0.08727566 0.088263355 -0.07028972 0.47611758
efectuar 0.1342111 1.0005751 -0.5743654 -0.34484783 1.4187399 0.6636994 -0.7315339 0.01924602 -0.4903098 -1.0685592 0.47922584 -0.6745232 -0.3217536 -1.02529 -0.62616074 -0.700598 -0.19776864 0.5949547 0.41690323 0.09634219 -0.5377124 -0.54960614 0.13264272 -0.31403294 0.17066996 0.03501156 -0.07520476 0.0730473 -0.10731256 0.5189162
carta 0.19623105 0.8443618 -0.34433705 -0.1910629 1.0121672 0.58735585 -0.57580525 -0.25615117 -0.3483368 -0.82479006 0.3569074 -0.6125421 -0.28760272 -0.7767676 -0.623676 -0.45968506 -0.09075209 0.31900242 0.25673226 0.16696621 -0.64244723 -0.31899905 0.24905105 0.025956647 0.09991292 -0.057697393 0.05318577 -0.048501287 -0.033630412 0.37836897
presenta 0.32912186 0.35215384 -0.14009659 -0.21254377 0.5343263 0.021948 -0.31387183 -0.29090834 0.063789055 -0.3742194 -0.021018798 0.08429328 -0.19449274 -0.2558961 -0.24679933 0.04273517 0.010980104 0.13939981 -0.06505584 -0.14663307 -0.76421684 0.04855323 0.2646866 0.12023143 -0.37667584 0.07506368 0.059114594 0.008798353 -0.0112847835 0.04153568
comentarios 0.12220163 0.5091903 -0.35378474 -0.17362805 0.8102085 0.19099367 -0.3979361 -0.118001215 -0.17318742 -0.51718986 0.19705783 -0.23194627 -0.28613207 -0.35060272 -0.22353725 -0.308962 0.012900862 0.31170478 0.19454445 -0.030246753 -0.48504364 -0.14439702 0.06856475 -0.1440288 -0.12385871 0.071458146 -0.00097457925 0.10870093 -0.07079067 0.15414551
of 0.21838762 0.84333944 -0.25340414 -0.09294649 0.9407556 0.4052192 -0.5997832 -0.310084 -0.25871253 -0.6470903 0.3529544 -0.45901132 -0.32780975 -0.64484537 -0.59270227 -0.2715938 -0.017053435 0.39770618 0.20825684 0.23887525 -0.85849136 -0.1615902 0.26411292 0.21852446 -0.046485 -0.0040491764 0.028292302 0.020683296 -0.002523007 0.2699925
habia 0.15488617 0.48599985 -0.33195716 -0.1477401 0.70171595 0.29820985 -0.45359224 -0.08871983 -0.24252753 -0.49314913 0.13382584 -0.3674612 -0.29402298 -0.35230568 -0.22672519 -0.33189303 0.033194255 0.32688597 0.183086 -0.06526937 -0.45918325 -0.22822346 0.054995723 -0.15464 -0.08185672 0.07809839 -0.019949304 0.18500997 -0.015073222 0.13644606
enlace -0.089199014 0.06714125 -0.5744751 -0.42170557 0.9973952 -0.8900452 0.07270924 0.09897819 0.37562487 -1.3173051 0.115121126 1.0199155 0.24908125 -0.63855815 0.64021057 -0.23045519 -0.017730528 0.23974858 0.15372689 -0.16833162 -0.64300466 -0.00062576745 0.4417236 -0.86053693 -1.0441722 0.58111787 -0.5207092 -0.53325653 0.08770556 -0.24409749
tipologia -0.12949087 0.055744264 -0.47708586 -0.25284547 0.9530422 -0.9446294 -0.010077489 0.1435357 0.3551412 -1.2623918 0.10521528 1.0393945 0.24605939 -0.5670604 0.6875296 -0.21659689 0.07138597 0.21391928 0.23053408 -0.14170836 -0.6219601 0.002200847 0.49330062 -0.8745692 -1.0171468 0.4737513 -0.6286177 -0.50066626 0.109081194 -0.2508269
contenido 0.22470582 0.8783343 -0.36028752 -0.17165852 1.0889161 0.5392412 -0.6486272 -0.2542591 -0.39608127 -0.723101 0.39195228 -0.59959537 -0.37743017 -0.6758881 -0.5858599 -0.43907708 -0.041045092 0.47053796 0.24458529 0.18514419 -0.7622459 -0.24255511 0.21837945 0.044825863 3.806129e-05 -0.05418818 0.03189888 0.04269775 -0.07495622 0.3206168
trabajo 0.5284428 0.6437899 -0.23924069 -0.17072773 0.81827873 0.42113566 -0.60649085 -0.50140387 -0.2632751 -0.32836378 0.1331685 -0.39133084 -0.50348824 -0.34612736 -0.54811645 -0.18601266 0.06259182 0.30526793 0.08534045 0.08671047 -0.9568119 -0.0011007314 0.24100463 0.35046712 -0.21769106 -0.023662416 0.19886446 0.15262203 -0.084059976 0.13302378
asi 0.17930752 0.79660034 -0.41884953 -0.11888845 1.0132012 0.53374904 -0.5676036 -0.2335302 -0.4397755 -0.6362801 0.2862374 -0.59949726 -0.36343098 -0.5673886 -0.4225072 -0.47991425 -0.002370176 0.49744284 0.2899807 0.16692764 -0.5865327 -0.19901352 0.20581484 -0.008558074 -0.005138056 -0.013168698 0.0863817 0.09127696 -0.09771908 0.3201994
actual 0.13064556 0.65434015 -0.49573573 -0.3056589 1.0036242 0.39134052 -0.3352314 -0.1303358 -0.14404716 -0.9492221 0.2652012 -0.24986008 -0.1521551 -0.66549766 -0.2523147 -0.42551407 -0.09023628 0.30214798 0.23944 0.015511628 -0.5996695 -0.23116113 0.21760778 -0.28769684 -0.06753785 0.091697596 -0.028462574 -0.10999398 -0.051112406 0.22513983
espera 0.27912444 0.47008553 -0.31843752 -0.21523102 0.8088509 0.18099128 -0.5330911 -0.19569959 -0.23643723 -0.43731228 0.20292638 -0.17746238 -0.3645518 -0.2202937 -0.23988552 -0.20969822 0.07238902 0.41113463 0.14370519 0.007841915 -0.6801977 -0.097906895 0.031894926 0.0009615509 -0.28060907 0.10703639 0.009888278 0.18820485 -0.110672206 0.04073966
cedula 0.289451 0.5720703 -0.22999163 -0.19464846 0.836562 0.17729357 -0.44627145 -0.26373768 -0.20144367 -0.45433417 0.1319845 -0.15434286 -0.29523626 -0.38934848 -0.23353453 -0.15634336 0.045776628 0.40834457 0.07756058 -0.051211253 -0.7827219 -0.02579341 0.2105085 -0.024913307 -0.3608439 0.09831841 0.05685714 0.06631081 -0.024758223 0.11909842
tercer 0.44569856 0.8105072 -0.45832968 -0.15871707 1.0026133 0.53396255 -0.7471252 -0.36037594 -0.31016642 -0.5352347 0.30609357 -0.3273789 -0.49928436 -0.36027166 -0.5352618 -0.41702688 0.08430656 0.35447755 0.27765086 0.17604437 -0.7241808 -0.114594094 0.054277096 0.1203443 -0.04259978 0.17155753 0.19330442 0.1266765 -0.17225415 0.0869259
quedo 0.32966483 0.66958344 -0.3303517 -0.18141198 0.8939582 0.25185728 -0.6038828 -0.25580662 -0.26975548 -0.46101877 0.1858034 -0.2303606 -0.44926158 -0.281174 -0.33412206 -0.25815898 0.12009927 0.42263225 0.20114723 -0.02345636 -0.7866936 -0.05798191 0.08906445 0.0026452474 -0.24534054 0.1318663 0.05892159 0.12647586 -0.12928711 0.09284796
consulta 0.19372797 0.7457329 -0.46388057 -0.1072215 0.99951595 0.48727697 -0.6345971 -0.2148565 -0.27595785 -0.68698853 0.26119363 -0.524568 -0.4334317 -0.47422034 -0.4548341 -0.56341577 0.03999847 0.359756 0.2640346 0.05319 -0.62052554 -0.21225183 0.14419626 -0.01697063 -0.034880184 0.0116463415 0.046699625 0.12248055 -0.045965247 0.20985363
entrega 0.21441194 0.88101065 -0.49529287 -0.098979406 1.1477209 0.5924289 -0.6605125 -0.21118934 -0.40393034 -0.7168423 0.28596312 -0.642701 -0.3443241 -0.61610955 -0.49214464 -0.5860153 -0.082601056 0.44431525 0.28876653 0.11278865 -0.64546335 -0.24829651 0.13445349 -0.02330399 0.029669827 -0.030787496 0.10134395 0.100022465 -0.14296654 0.3031956
pregunta 0.19146955 0.721535 -0.39756846 -0.08563289 0.91550756 0.46013597 -0.56578976 -0.12898763 -0.398214 -0.66060245 0.21505909 -0.5227467 -0.32592946 -0.46850327 -0.36816764 -0.53910094 -0.0072211823 0.3994571 0.3189057 0.03394944 -0.47568932 -0.2544197 0.09930901 -0.0784101 0.030457461 0.06590162 0.0033043104 0.138599 -0.10545691 0.22553927
hoy 0.1841908 0.7044279 -0.37660262 -0.2008268 0.9578102 0.422423 -0.53120327 -0.22443509 -0.2607523 -0.62171555 0.24499017 -0.3965206 -0.3891143 -0.52472734 -0.3712033 -0.4584316 0.012661651 0.40243796 0.23949666 0.009714001 -0.5958745 -0.18891189 0.15489356 -0.08536505 -0.082415745 0.049513426 0.06643527 0.07912454 -0.049973994 0.20984338
desea 0.14066464 1.0242128 -0.59291977 -0.31985632 1.4269652 0.7830358 -0.75871813 -0.05318292 -0.49435177 -1.0625008 0.48091492 -0.7257561 -0.39094192 -1.0084053 -0.6934649 -0.7526441 -0.13296701 0.5442743 0.4472474 0.08421968 -0.5708642 -0.5361144 0.15774314 -0.271593 0.24122529 -0.05877698 0.0070057693 0.113764904 -0.027914079 0.4787302
convencionales 0.09568415 0.7393574 -0.38688242 -0.16907465 0.9604053 0.45074508 -0.53589696 -0.108687334 -0.34200925 -0.79285526 0.2946337 -0.56593525 -0.2834907 -0.65103406 -0.45779738 -0.47252148 -0.054817367 0.35482827 0.2331548 0.08995458 -0.5222823 -0.3095704 0.14902708 -0.0886781 0.059816528 -0.030889818 -0.001241336 0.04193976 -0.04295144 0.32307133
nos 0.1495959 0.5863081 -0.42202824 -0.16567384 0.878582 0.31739885 -0.4588748 -0.19769284 -0.2296526 -0.7767196 0.2017503 -0.2763269 -0.2653357 -0.544857 -0.31599802 -0.41290992 -0.02283042 0.2844271 0.18703403 0.02330491 -0.5948193 -0.19394894 0.16453777 -0.149099 -0.12765267 0.053313084 -0.019103087 0.00916671 -0.013652303 0.16067733
master 0.53310597 0.463415 -0.042167027 -0.08219368 0.46890917 0.12004949 -0.54344434 -0.55052817 -0.0647355 -0.24587877 -0.032315698 -0.12058783 -0.39859045 -0.2591368 -0.4213757 0.08833997 0.09587742 0.16088228 0.033438623 0.016092712 -0.96005267 0.102379575 0.2756651 0.45042193 -0.4130398 -0.04106947 0.1479371 0.17842136 0.015856724 0.02203275
envioon 0.2792329 0.7634098 -0.32719684 -0.116240114 0.9568701 0.45719513 -0.6023685 -0.2797927 -0.39911717 -0.51930714 0.18888918 -0.4890501 -0.40134236 -0.4715313 -0.38260284 -0.40408534 0.015126788 0.4275028 0.20489337 0.017932653 -0.6519308 -0.14781938 0.2048978 -0.007949161 -0.1102306 -0.0075669633 0.057285905 0.12739183 -0.10251961 0.26593795
apoyo 0.24650085 0.534797 -0.29842573 -0.13312414 0.80013293 0.25313056 -0.47219887 -0.24247697 -0.15546736 -0.47951674 0.1208456 -0.17933251 -0.26669404 -0.35385492 -0.30269396 -0.27740663 -0.014686176 0.33400473 0.099628285 -0.028292205 -0.65012884 -0.0351564 0.17793469 0.013021169 -0.2184253 0.03217524 0.054009702 0.03662606 -0.096854724 0.1410742
debidamente_diligenciado 0.14674686 1.1009698 -0.4956006 -0.30025962 1.4161749 0.7334161 -0.76121706 -0.093818165 -0.5604555 -1.0463163 0.54959035 -0.7720295 -0.35974357 -0.9968155 -0.66320914 -0.69799614 -0.11896686 0.63802963 0.39679268 0.1362861 -0.65203106 -0.4970614 0.17749763 -0.14208534 0.17687738 -0.024724517 -0.059256345 0.070739396 -0.12473947 0.53418005
procesos 0.38549316 0.4939484 -0.14553173 -0.1714778 0.6396307 0.19314438 -0.5243173 -0.33672252 -0.1660263 -0.27651423 0.05831862 -0.113435104 -0.38686588 -0.19033258 -0.3338791 -0.13992593 0.15054357 0.31657827 0.092211254 -0.10991683 -0.7841259 -0.0055464185 0.17643394 0.1736666 -0.29610598 0.09221147 0.07307894 0.19606416 -0.06330897 0.03610844
tiene 0.21866858 0.9602329 -0.62974757 -0.19332209 1.2844862 0.6742985 -0.68405384 -0.16875648 -0.47370926 -0.97757757 0.32733372 -0.6750573 -0.31604174 -0.78347236 -0.53550255 -0.70118845 -0.083282344 0.49803597 0.3740759 0.071631216 -0.6319457 -0.34875795 0.17465226 -0.18225624 0.044943865 0.08070298 0.08972277 0.02449467 -0.16262102 0.32029417
