221 30
reintegro 0.03246571 0.15137139 -0.22079588 -0.24467608 0.44290712 -0.2974548 0.33467987 -0.13048644 0.32971638 -0.043860517 0.26806608 0.3521326 -0.19681534 0.5598696 -0.17700167 0.0300757 0.22203898 0.27676132 -0.115271635 0.7105968 -0.13327394 -0.27174616 -0.7702995 0.15605858 -0.21704693 0.050064962 0.6920071 -0.30761632 0.23874237 -0.12935615
descuento 0.032639094 0.14661509 -0.2205048 -0.2540398 0.4350193 -0.28979447 0.3482905 -0.1566617 0.3279761 -0.037578985 0.27687773 0.35964525 -0.22191879 0.55407983 -0.1701613 0.040123615 0.22151388 0.27784267 -0.12466682 0.73956615 -0.12524901 -0.268237 -0.7899267 0.16106685 -0.23218593 0.03190067 0.72286314 -0.30998713 0.24192798 -0.13014783
pago 0.0043247095 0.16460882 -0.21923241 -0.2693332 0.42264697 -0.3027042 0.32164308 -0.13849297 0.30480105 -0.06817428 0.26856396 0.3792926 -0.18812178 0.5372275 -0.179832 0.06572808 0.22610319 0.26780105 -0.12706944 0.7194424 -0.11706105 -0.28059304 -0.7824343 0.15109901 -0.22259752 0.040194426 0.69835204 -0.33865193 0.23296018 -0.1341295
valor 0.02261017 0.14393848 -0.21743546 -0.26238963 0.44026887 -0.28611934 0.34847623 -0.15273514 0.30659473 -0.036545705 0.26225492 0.36334285 -0.212524 0.5489996 -0.19113319 0.037082296 0.20977572 0.27446115 -0.1130375 0.7169963 -0.12530833 -0.25771958 -0.7880576 0.14734453 -0.23280707 0.048282623 0.69101375 -0.3238821 0.24076718 -0.11882749
adjunto 0.025394132 0.1615747 -0.21404386 -0.23996946 0.43772897 -0.3038551 0.33497435 -0.15396641 0.305083 -0.036914587 0.27350467 0.37016827 -0.20943011 0.5426462 -0.18653625 0.060546335 0.21129985 0.2834272 -0.12339567 0.71093047 -0.10997043 -0.28012192 -0.78624886 0.1453504 -0.23255591 0.05668473 0.6881366 -0.30723226 0.23663077 -0.11842581
devolucion 0.030160608 0.18171342 -0.22012036 -0.2614202 0.44015077 -0.29829535 0.3220946 -0.12337017 0.32551992 -0.049105007 0.2636038 0.37254605 -0.20084274 0.5403853 -0.19489779 0.05539087 0.22802421 0.2633202 -0.12236824 0.7268951 -0.118690774 -0.29055575 -0.79269713 0.13928187 -0.21072353 0.04724572 0.7248624 -0.33008957 0.23882125 -0.12087982
hijo_a 0.02987636 0.15679239 -0.23812088 -0.2433763 0.4494605 -0.3007719 0.34346002 -0.12882869 0.33162153 -0.051498234 0.26089665 0.38534096 -0.20919865 0.53209096 -0.19397488 0.055816043 0.21828805 0.2826084 -0.10501059 0.73943466 -0.1352356 -0.28719628 -0.7950136 0.1406796 -0.20351256 0.04293025 0.71674615 -0.31879637 0.25167882 -0.11771215
pension 0.01079129 0.16939226 -0.22620636 -0.24465346 0.4458369 -0.28715628 0.35650945 -0.13027287 0.32474253 -0.05193239 0.27822006 0.3602078 -0.2075012 0.55202645 -0.17850338 0.049514417 0.229697 0.29728767 -0.13351262 0.7298345 -0.1098538 -0.2849105 -0.8019644 0.13501026 -0.21079116 0.04885399 0.7376803 -0.32403356 0.22604945 -0.13222663
solicitud 0.03322569 0.18090932 -0.2182282 -0.23626177 0.4555085 -0.2903546 0.32792526 -0.1398516 0.31241548 -0.05242872 0.25633094 0.37884164 -0.196303 0.55431676 -0.18573298 0.032145865 0.22199848 0.28610668 -0.124724895 0.71127075 -0.11226713 -0.27036205 -0.7637372 0.13998163 -0.22593023 0.04864611 0.70010567 -0.33014995 0.24655683 -0.12227459
correspondiente 0.015048034 0.1633392 -0.23048735 -0.24979708 0.44504964 -0.27521887 0.34035417 -0.1434469 0.3286558 -0.033198155 0.251802 0.36583537 -0.20774879 0.5364219 -0.17011504 0.03828855 0.2283915 0.28551367 -0.111662716 0.70060605 -0.12915438 -0.28930548 -0.76366246 0.12578794 -0.22967383 0.02838993 0.7062733 -0.33164388 0.2168686 -0.13148254
soporte 0.022859445 0.17394371 -0.22391696 -0.26502708 0.4416297 -0.284434 0.3175404 -0.14793257 0.30877417 -0.034530506 0.2485593 0.35737348 -0.18719354 0.5301048 -0.17656183 0.030919928 0.23175606 0.26275924 -0.11710292 0.72912866 -0.13852035 -0.28932613 -0.77202517 0.15247282 -0.20919669 0.04877741 0.67717004 -0.33016336 0.24534503 -0.12052955
dinero 0.027881444 0.1637433 -0.2200201 -0.2480233 0.44984692 -0.30383876 0.3315262 -0.13887113 0.31430563 -0.06153757 0.25332648 0.3875171 -0.21118788 0.5503409 -0.17386606 0.043712918 0.21551573 0.26689363 -0.10719557 0.72517335 -0.14000142 -0.29715064 -0.78467786 0.13595676 -0.21105005 0.060802896 0.6983604 -0.31393388 0.2481217 -0.1231372
comprobante 0.018990725 0.1669918 -0.22982334 -0.24137977 0.45753396 -0.30839837 0.34948182 -0.12821935 0.32176346 -0.05354399 0.25818023 0.36413547 -0.19731337 0.53166825 -0.1819784 0.061241794 0.2153381 0.26437813 -0.09630184 0.74278396 -0.13492711 -0.29741943 -0.7746761 0.14348362 -0.20403546 0.061037354 0.70480376 -0.32620037 0.22097743 -0.12227966
envio 0.031519994 0.1699645 -0.2271446 -0.25414705 0.44062877 -0.28222358 0.33081225 -0.14775994 0.30751935 -0.052192096 0.26326936 0.34961092 -0.2169189 0.5419272 -0.16969496 0.057507146 0.22986598 0.2737805 -0.0951349 0.7138002 -0.12651089 -0.26746434 -0.74656904 0.12984097 -0.21293509 0.04252545 0.6826848 -0.30606344 0.21469921 -0.11639173
matricula 0.03224034 0.16686009 -0.22559196 -0.27547687 0.4463044 -0.28556207 0.345975 -0.16208538 0.3283846 -0.059022896 0.29546788 0.37993795 -0.20275831 0.5577917 -0.18615194 0.050795518 0.23696856 0.29970706 -0.13536872 0.7333128 -0.1262605 -0.28195563 -0.7923303 0.16254424 -0.21299589 0.043251522 0.7131001 -0.348041 0.24718411 -0.13419698
concepto 0.011395808 0.16663867 -0.23940738 -0.25349465 0.44194204 -0.30311528 0.34425184 -0.12778908 0.3220758 -0.06913025 0.26730183 0.3478831 -0.20661147 0.5433679 -0.18516117 0.057234813 0.21677908 0.28259897 -0.12367571 0.71610296 -0.12378678 -0.2780171 -0.7817199 0.14953081 -0.22692756 0.036887456 0.71262664 -0.30746728 0.21800457 -0.1287141
covid 0.018154562 0.16108073 -0.21625307 -0.2648579 0.45703945 -0.27605435 0.32883635 -0.15014888 0.31543353 -0.057761088 0.2856295 0.36015132 -0.22295095 0.55809283 -0.18087764 0.03298537 0.19940701 0.29849023 -0.12347704 0.740909 -0.10644858 -0.2631009 -0.7547933 0.15181191 -0.22777203 0.06653484 0.7021159 -0.32930672 0.23940645 -0.1162426
realizado 0.03774155 0.16053195 -0.2029421 -0.24200724 0.43462843 -0.2865224 0.34321415 -0.12813358 0.3173117 -0.037868164 0.26759985 0.3522445 -0.21578366 0.5334321 -0.19118857 0.040419597 0.20636821 0.2839118 -0.0985616 0.69235295 -0.1132516 -0.25925082 -0.76677126 0.1459175 -0.22122699 0.054297794 0.6957752 -0.33027127 0.21320854 -0.11598501
pandemia 0.032815028 0.1746795 -0.22993751 -0.24431764 0.44139013 -0.29459184 0.34214565 -0.1307137 0.32326737 -0.045159716 0.2702249 0.36710516 -0.21307884 0.5462277 -0.17061476 0.03068311 0.21177003 0.27081814 -0.115232706 0.72863984 -0.110594094 -0.2915239 -0.7728051 0.14364423 -0.21781655 0.04293526 0.7053011 -0.33704752 0.226074 -0.1275182
sd 0.01115705 0.17040214 -0.22557972 -0.2524219 0.44136727 -0.27465054 0.34135133 -0.12339576 0.30270296 -0.035956297 0.2728358 0.36931595 -0.21097404 0.5425556 -0.16192494 0.05807241 0.21996343 0.27397805 -0.11192952 0.7198981 -0.13170801 -0.2623856 -0.7623631 0.14974536 -0.20604284 0.04185309 0.6706292 -0.33207074 0.23887609 -0.12556921
pronto 0.012394556 0.17894574 -0.2193916 -0.26524174 0.44831935 -0.28246963 0.3329064 -0.1512856 0.32354215 -0.05645431 0.25096345 0.37175804 -0.19319409 0.5242977 -0.18403904 0.061217062 0.21576296 0.2737876 -0.113420576 0.7293694 -0.13659392 -0.26682115 -0.7710474 0.1439686 -0.22436917 0.05786427 0.71136767 -0.33513796 0.2177706 -0.11084237
consignacion 0.031089362 0.15761673 -0.21104439 -0.24950543 0.44164258 -0.28244913 0.32057437 -0.14634243 0.31352317 -0.047962945 0.2521545 0.35628223 -0.20795563 0.53971136 -0.17778037 0.051009987 0.21955922 0.28311184 -0.106755346 0.7372387 -0.12887748 -0.27616116 -0.78195894 0.14647368 -0.20859897 0.031235104 0.70786494 -0.31548265 0.22217055 -0.12102746
noviembre 0.033601984 0.18528871 -0.22182223 -0.2649065 0.4434461 -0.30634508 0.35691923 -0.12557624 0.33864573 -0.051403765 0.27416152 0.37385067 -0.22103138 0.569936 -0.18389615 0.050763704 0.2432133 0.2882301 -0.12745464 0.7638434 -0.14280345 -0.2828293 -0.7843583 0.15160444 -0.23825459 0.049024154 0.71523327 -0.34720758 0.25231758 -0.11571984
anticipo 0.0042674895 0.1573517 -0.20851386 -0.25045896 0.45127454 -0.30196247 0.3442519 -0.118371055 0.33642435 -0.03936354 0.2503947 0.37905085 -0.18984768 0.5387902 -0.17847927 0.05719043 0.2376129 0.28081417 -0.124695875 0.74676174 -0.11775903 -0.2971133 -0.79217046 0.13442932 -0.22588482 0.06231802 0.69729614 -0.33248502 0.24487966 -0.10896998
beneficio 0.0076311147 0.17268455 -0.22394328 -0.26246417 0.4380582 -0.28235504 0.32404628 -0.13257682 0.3110185 -0.045436934 0.24889828 0.35384175 -0.19586807 0.5453497 -0.16997975 0.04590624 0.21132588 0.27103797 -0.12454284 0.7266885 -0.12376664 -0.25936705 -0.76427513 0.12492071 -0.1971486 0.03131291 0.7017427 -0.33008152 0.24004549 -0.11478982
descuentos 0.021954574 0.16993733 -0.23870194 -0.26276588 0.4399865 -0.30286986 0.35603338 -0.14696787 0.3089913 -0.043753237 0.28928307 0.38865563 -0.20532045 0.56129014 -0.18375851 0.05306938 0.2198193 0.28005922 -0.10389036 0.732648 -0.11049307 -0.29954347 -0.7818495 0.15936244 -0.21611136 0.056594882 0.7309378 -0.33706203 0.24101663 -0.11578015
informacion 0.008925243 0.15070274 -0.22147068 -0.25611892 0.4050244 -0.29271507 0.30986115 -0.14529955 0.31264132 -0.04138068 0.23937568 0.3501672 -0.19321534 0.5248385 -0.15703677 0.05800964 0.20646828 0.24797466 -0.089729674 0.6953963 -0.10957154 -0.28233594 -0.74379903 0.11824196 -0.18685164 0.0504611 0.6684008 -0.30284724 0.22948635 -0.10012113
meses 0.020241523 0.16216494 -0.2232136 -0.26371476 0.42725307 -0.3029952 0.3434212 -0.14826214 0.3156897 -0.06068192 0.26863825 0.38293284 -0.20255007 0.54679114 -0.18892808 0.029976899 0.22876166 0.2681599 -0.13201067 0.7284406 -0.10510543 -0.2886478 -0.7851932 0.14363664 -0.20150356 0.04929334 0.70565 -0.31273675 0.25074655 -0.11558054
acuerdo 0.024325963 0.16770957 -0.22206077 -0.27196455 0.46782848 -0.3139767 0.33912173 -0.14528452 0.3356523 -0.059708755 0.2758878 0.37549815 -0.22168645 0.5562961 -0.19903855 0.034024436 0.22380507 0.2946492 -0.111842416 0.75840545 -0.13256247 -0.29602352 -0.8133862 0.1408661 -0.21520127 0.03596403 0.7216752 -0.32010916 0.25954607 -0.11975174
escalo 0.014700945 0.15988925 -0.20623916 -0.23261042 0.4438356 -0.29974863 0.30948862 -0.13940518 0.3028283 -0.04199815 0.24842791 0.37673554 -0.19486415 0.53124267 -0.18670632 0.05902844 0.2252787 0.26951706 -0.11019783 0.7233148 -0.12091521 -0.2727425 -0.74478143 0.1247719 -0.19541778 0.047596995 0.6939055 -0.3108114 0.23953936 -0.10289881
recibido 0.005831301 0.17451695 -0.22607261 -0.27258793 0.45789477 -0.30142167 0.33410943 -0.13230766 0.33366573 -0.04314622 0.2717428 0.3753999 -0.21671101 0.546692 -0.19101702 0.04300268 0.21592383 0.30373573 -0.1197115 0.7493278 -0.13588905 -0.27838612 -0.809481 0.15412705 -0.2218064 0.04757034 0.7236359 -0.32420558 0.24119374 -0.11834783
realizo 0.031719293 0.16224155 -0.23431133 -0.25714046 0.4614239 -0.2836506 0.33386368 -0.15243801 0.3152958 -0.056699485 0.27019057 0.3882573 -0.20203023 0.552354 -0.18921152 0.056276456 0.24080156 0.2638047 -0.10699265 0.75245744 -0.1063429 -0.28198165 -0.78738475 0.15283714 -0.20454578 0.031682912 0.7237673 -0.32691464 0.24200654 -0.13447966
total 0.009962137 0.15066633 -0.21588859 -0.2540048 0.4470547 -0.28372723 0.35244298 -0.13372445 0.30894884 -0.05939355 0.2577617 0.3778229 -0.22272247 0.5499646 -0.19366322 0.051244784 0.20641015 0.26522183 -0.105168805 0.7363685 -0.114961386 -0.2944386 -0.77943707 0.14134651 -0.23041575 0.054714773 0.7221557 -0.3197773 0.24102873 -0.13141796
realizar 0.022544881 0.18664591 -0.23951538 -0.25165364 0.46644747 -0.29149976 0.33412006 -0.13160464 0.33240467 -0.06641846 0.2879432 0.38035932 -0.20927502 0.57779574 -0.17488804 0.061974134 0.24804182 0.29702216 -0.13124962 0.7529459 -0.13298133 -0.2866722 -0.82257485 0.1544406 -0.20950888 0.065538384 0.72352046 -0.32624608 0.2333622 -0.122626774
pse 0.03002571 0.1807109 -0.23358084 -0.24833746 0.4318269 -0.28517038 0.33841717 -0.15247877 0.3133297 -0.0653607 0.26231986 0.37259173 -0.19755808 0.5349514 -0.19003874 0.042429455 0.21968554 0.27336833 -0.12381119 0.742036 -0.13435495 -0.2725739 -0.78700113 0.14160351 -0.22870652 0.056464132 0.6935509 -0.3372315 0.22379334 -0.10906093
soportes 0.03934213 0.17545827 -0.22590688 -0.250319 0.44229248 -0.28066364 0.34147137 -0.1432046 0.33677492 -0.052771408 0.2605834 0.3793986 -0.20239106 0.5676563 -0.19341612 0.04600485 0.2377851 0.29512337 -0.11029643 0.7238469 -0.12809359 -0.27469787 -0.77770597 0.13589616 -0.21635422 0.066492625 0.7052819 -0.33912408 0.23451197 -0.1251105
permito 0.005296056 0.16525494 -0.22307155 -0.26178634 0.44383958 -0.29598466 0.3319654 -0.12063323 0.3196905 -0.044223938 0.25392774 0.38456976 -0.19239506 0.5429065 -0.19110893 0.05110405 0.23197386 0.28188193 -0.11112494 0.74125665 -0.11089503 -0.26708844 -0.79207313 0.13005581 -0.22924756 0.03600799 0.70173514 -0.3244325 0.25306982 -0.12878446
semestre 0.03866984 0.17846772 -0.2274028 -0.27877682 0.46672142 -0.30887467 0.33606133 -0.1210693 0.33838302 -0.063655645 0.26084065 0.37988323 -0.22992904 0.57780683 -0.20502633 0.058855392 0.22415213 0.29715997 -0.11601514 0.78668845 -0.14893466 -0.31132716 -0.83106697 0.13676552 -0.22975393 0.056895114 0.7396984 -0.33900112 0.26880148 -0.11419421
valores 0.009912848 0.16459794 -0.22556624 -0.25623426 0.42377323 -0.2930647 0.3401414 -0.1417229 0.30984798 -0.066928536 0.2689778 0.3713077 -0.21508507 0.53742933 -0.16699855 0.06001112 0.22061798 0.28762546 -0.10835125 0.7254282 -0.1134956 -0.270298 -0.7902841 0.14181828 -0.219647 0.04901932 0.69559634 -0.32577854 0.22583808 -0.13428345
respuesta 0.033815887 0.1772983 -0.22168776 -0.27983475 0.4604178 -0.3103171 0.32492852 -0.14164254 0.32613343 -0.04989937 0.26171517 0.38461918 -0.22122876 0.5702128 -0.18776192 0.034218956 0.21877708 0.3034498 -0.12237136 0.75261045 -0.13409238 -0.30190018 -0.7937704 0.13890018 -0.23899148 0.0337556 0.7183923 -0.33578265 0.26171055 -0.13504101
presente 0.010883803 0.16729543 -0.22633705 -0.26052597 0.45684063 -0.29068816 0.33101928 -0.14143868 0.31428623 -0.048633974 0.25612387 0.38269535 -0.21942739 0.5420525 -0.17032343 0.0643755 0.23205507 0.26441613 -0.120552786 0.71765643 -0.12940066 -0.2806224 -0.7864163 0.1395776 -0.2223577 0.030692106 0.6949509 -0.3302505 0.23980737 -0.1261589
anexo 0.0103236325 0.159512 -0.22324808 -0.2591491 0.42987123 -0.29010576 0.3486492 -0.13882732 0.3389926 -0.056836173 0.26908898 0.3866402 -0.22467487 0.56502753 -0.1943399 0.05503044 0.23122397 0.2735608 -0.121968776 0.71972805 -0.120960206 -0.27345392 -0.79895586 0.15784748 -0.22602655 0.033637885 0.70466655 -0.34296754 0.23502217 -0.11735349
evidencia 0.009906869 0.17500238 -0.22238661 -0.2482849 0.44495127 -0.2758998 0.33284724 -0.14961559 0.31534225 -0.06222562 0.2742604 0.38039902 -0.21235439 0.5463912 -0.18528038 0.037727796 0.20954768 0.27781457 -0.104176745 0.73792213 -0.11014144 -0.27084443 -0.7813812 0.1465658 -0.2111116 0.061207775 0.71768194 -0.33095813 0.24315323 -0.13467325
adjunta 0.022702944 0.14808367 -0.22784835 -0.2421626 0.4550546 -0.2933865 0.34053913 -0.15243031 0.3047704 -0.037799582 0.25802377 0.37441337 -0.19046612 0.55773824 -0.1897182 0.06359186 0.22868675 0.29263023 -0.096215084 0.7294288 -0.13712302 -0.29662597 -0.78048337 0.13195181 -0.22813264 0.05239431 0.6890918 -0.3293637 0.24312694 -0.10405443
validar 0.02747934 0.14906706 -0.19724809 -0.2183382 0.3687013 -0.24893086 0.2538006 -0.10821484 0.27393427 -0.036990486 0.20698303 0.2883115 -0.155725 0.43394536 -0.14870432 0.02650897 0.16527964 0.22467704 -0.09762609 0.6050672 -0.08841708 -0.23162578 -0.6238809 0.11780445 -0.16951342 0.03713815 0.56380814 -0.27785584 0.2058162 -0.10024644
dia 0.031552725 0.16568239 -0.23588419 -0.2603375 0.43675032 -0.29560265 0.3383343 -0.1489546 0.32288122 -0.05118711 0.2678175 0.3771585 -0.21646176 0.56223184 -0.19952603 0.037178744 0.2344115 0.2766394 -0.10326745 0.75044405 -0.11577237 -0.2881398 -0.8131373 0.16434006 -0.23018022 0.05028649 0.7168217 -0.3468834 0.23003517 -0.11073691
hacer 0.031404268 0.1757747 -0.25092408 -0.2746529 0.4493159 -0.29089752 0.3472902 -0.15043011 0.32824573 -0.060259566 0.2765015 0.39016697 -0.22870538 0.5796457 -0.16909629 0.060526393 0.21653764 0.28825402 -0.11580557 0.76728034 -0.11741728 -0.29330444 -0.79790735 0.15595372 -0.2343673 0.05256425 0.7237181 -0.34440702 0.25057077 -0.114947885
observaciones 0.03498606 0.15314291 -0.22374877 -0.22752495 0.4266714 -0.26794764 0.33703157 -0.12643959 0.32158673 -0.040665966 0.26619536 0.3699927 -0.18901463 0.539545 -0.18794647 0.04131318 0.21364623 0.2768269 -0.09306458 0.68644994 -0.121254236 -0.279497 -0.74093974 0.12684017 -0.22513445 0.045658708 0.69501257 -0.3259708 0.22643733 -0.13065849
beneficiario 0.030486654 0.17399977 -0.21566598 -0.26042736 0.42459047 -0.30156547 0.3406912 -0.1386029 0.3362332 -0.067920014 0.25922987 0.37822852 -0.19232175 0.5365957 -0.18005702 0.053105146 0.22868994 0.29509822 -0.11112807 0.72826445 -0.11709355 -0.27080476 -0.7976192 0.12750164 -0.22744651 0.06046437 0.7050282 -0.31341204 0.24061339 -0.1031364
realizada 0.037798975 0.14380558 -0.22686632 -0.25524533 0.4179508 -0.28335372 0.33463418 -0.11834601 0.32282695 -0.040390335 0.25626388 0.34553093 -0.19927283 0.54179204 -0.17835957 0.031951163 0.21804146 0.26223463 -0.109915085 0.7272688 -0.13511978 -0.28079015 -0.75552 0.14522195 -0.20394315 0.040168263 0.70154166 -0.32050604 0.23359995 -0.11063336
escalado 0.03255608 0.15294006 -0.21329057 -0.23640743 0.4195762 -0.289601 0.3391247 -0.13434085 0.32666978 -0.043637976 0.26156077 0.34408388 -0.21597487 0.54546684 -0.1630901 0.037833795 0.22413002 0.25772873 -0.12105905 0.71961164 -0.11181427 -0.28008237 -0.7513037 0.14054455 -0.19720499 0.05858279 0.6909156 -0.33218628 0.24280602 -0.10228466
recibo 0.013065559 0.16971724 -0.23427138 -0.27108124 0.4399575 -0.287186 0.33647472 -0.13524921 0.31419757 -0.04398425 0.27683714 0.36060527 -0.22266918 0.5568054 -0.18289877 0.051053323 0.23980133 0.2763138 -0.10828693 0.7446576 -0.11429958 -0.27715093 -0.80705047 0.1285344 -0.21611194 0.03161704 0.7058054 -0.33230633 0.23498864 -0.123442896
asi 0.012346343 0.1865525 -0.21645083 -0.2809213 0.45845962 -0.31880865 0.35963526 -0.13306837 0.33210555 -0.068206444 0.2811273 0.3688438 -0.20567258 0.5685631 -0.18433408 0.036242295 0.22275984 0.28976566 -0.10651303 0.74010664 -0.13259102 -0.2770128 -0.8032984 0.15552829 -0.20717537 0.03847081 0.72461426 -0.33005223 0.25545353 -0.10746888
motivo 0.021189274 0.157634 -0.23396957 -0.25961155 0.45108336 -0.30785665 0.3247385 -0.13339227 0.32759076 -0.042995773 0.2793002 0.37433785 -0.21551013 0.5339919 -0.17505936 0.04818548 0.23988132 0.2937947 -0.1201343 0.7349338 -0.13370393 -0.29738405 -0.78413725 0.13766718 -0.20539047 0.04922211 0.7101326 -0.34211645 0.24580963 -0.12060744
mis_hijos 0.019506376 0.15544388 -0.22028534 -0.26712573 0.45528004 -0.28818253 0.32881147 -0.14723873 0.31958178 -0.052167267 0.25952607 0.37391323 -0.199301 0.5361615 -0.1818763 0.057737105 0.2109762 0.2820253 -0.10392736 0.71616954 -0.12980227 -0.28172362 -0.7825085 0.15193947 -0.2138986 0.053516813 0.7041351 -0.3386447 0.2173947 -0.11815133
senores 0.027974768 0.15615372 -0.20986028 -0.23514143 0.4371222 -0.2762752 0.32297388 -0.12878904 0.30641702 -0.048748903 0.2563232 0.361343 -0.20393491 0.5277898 -0.17176384 0.052768655 0.21171078 0.28007296 -0.09082149 0.7135342 -0.12570517 -0.2841383 -0.7497888 0.1511236 -0.19852121 0.060189415 0.6762693 -0.32526425 0.24458544 -0.10505781
mis 0.023389423 0.16294436 -0.23072651 -0.24022399 0.43005845 -0.28315166 0.34001338 -0.13034388 0.31920236 -0.061026253 0.25146282 0.34903002 -0.21254018 0.526623 -0.16405018 0.04574501 0.20647149 0.28152683 -0.10539148 0.73104596 -0.11804726 -0.29049325 -0.7486542 0.12437682 -0.2178086 0.06165877 0.69894844 -0.33088762 0.2150834 -0.11041775
ocasion 0.035735596 0.14387622 -0.22917543 -0.2343366 0.4339032 -0.28581327 0.34301844 -0.13141756 0.3321285 -0.045984715 0.2678929 0.35367563 -0.19955614 0.545308 -0.17884931 0.037669566 0.22410794 0.29023275 -0.11362272 0.71254426 -0.103340976 -0.2930856 -0.7551631 0.15540247 -0.20424624 0.054566693 0.70458627 -0.3333323 0.22500804 -0.116908
he 0.008371831 0.17771795 -0.21655303 -0.2732771 0.4607415 -0.31516486 0.32937503 -0.13736425 0.31693712 -0.049096078 0.27880916 0.38494286 -0.19520935 0.54418373 -0.17746106 0.032329414 0.23715168 0.27014983 -0.09421269 0.7342338 -0.113345906 -0.3005802 -0.7936896 0.13537002 -0.21196698 0.04800541 0.7238559 -0.34990576 0.22844774 -0.12438144
mes 0.029446822 0.18064569 -0.21529765 -0.24540156 0.43483216 -0.28070074 0.34627613 -0.13967417 0.34150428 -0.056263685 0.28548574 0.38062114 -0.2292045 0.5635483 -0.19629851 0.029790496 0.23512821 0.2873713 -0.102886885 0.72615874 -0.12277049 -0.2728045 -0.8084447 0.13152042 -0.21724632 0.0650526 0.7286022 -0.3267275 0.23653133 -0.11126363
durante 0.01174858 0.17430557 -0.24509646 -0.266341 0.4523992 -0.295973 0.33455756 -0.12475123 0.3112366 -0.034025636 0.284121 0.39627373 -0.2097105 0.5711036 -0.17202313 0.06829647 0.23787153 0.26823297 -0.12680502 0.7592838 -0.107790805 -0.27585936 -0.8128319 0.15951554 -0.21862999 0.05777301 0.72465926 -0.34324342 0.22933334 -0.1386381
reembolso 0.040087074 0.15875678 -0.24453111 -0.26495975 0.44822326 -0.29930195 0.3610842 -0.1548334 0.32778648 -0.07300371 0.273001 0.38666004 -0.21578886 0.5451933 -0.1988232 0.05772286 0.22246695 0.29070923 -0.10864098 0.735127 -0.1310895 -0.27687642 -0.7871631 0.1387412 -0.2422095 0.043773003 0.730676 -0.34818742 0.24064425 -0.118072286
estoy 0.0147429425 0.16731454 -0.24546131 -0.26775765 0.477841 -0.31958598 0.33190262 -0.13557452 0.3445772 -0.035098538 0.26903307 0.38820907 -0.22911483 0.57596153 -0.20841613 0.06847149 0.22251295 0.2871603 -0.121006764 0.7767252 -0.11928035 -0.30042046 -0.80918336 0.13701242 -0.22137395 0.051976528 0.75200325 -0.33292747 0.24974282 -0.1434173
virtual 0.021576712 0.18134747 -0.2365258 -0.26564413 0.4696013 -0.29642937 0.3528087 -0.13889015 0.32191032 -0.058109052 0.2741622 0.38896826 -0.21965228 0.5834951 -0.20113826 0.04556927 0.24706742 0.3038402 -0.12110305 0.78760403 -0.11718082 -0.29732305 -0.81702816 0.16296643 -0.24412575 0.045638967 0.73467195 -0.3389691 0.25643927 -0.10921763
copia 0.02031635 0.17003654 -0.22348835 -0.2618204 0.434831 -0.30322164 0.31211376 -0.1398334 0.3300703 -0.05513635 0.24209437 0.3555175 -0.19316693 0.54399437 -0.17055418 0.034678504 0.2266314 0.26573434 -0.09653264 0.72519207 -0.11153488 -0.26913428 -0.76248133 0.14504066 -0.2063498 0.050973434 0.6892648 -0.32388252 0.24273539 -0.10161437
transporte 0.006818602 0.1804203 -0.24856266 -0.26445693 0.4294041 -0.29978648 0.35003686 -0.15751812 0.32923457 -0.06292056 0.28989038 0.3939584 -0.22409622 0.54232687 -0.19208844 0.060599472 0.23834173 0.2770881 -0.13073845 0.7297287 -0.12322102 -0.30167454 -0.7876211 0.13576119 -0.22877525 0.03788613 0.73209304 -0.33051488 0.24282722 -0.13205391
pagos 0.02292169 0.16180904 -0.22878954 -0.24412112 0.43636408 -0.28493473 0.32425773 -0.15112512 0.31979454 -0.05474628 0.26415822 0.37728238 -0.20984544 0.5550214 -0.18615484 0.028449208 0.22139362 0.2716919 -0.11684076 0.7228458 -0.13778323 -0.29175565 -0.7773827 0.15170465 -0.20203798 0.03161934 0.7165766 -0.33033726 0.23158692 -0.11852779
ciudad 0.014141494 0.18134883 -0.22656773 -0.25456822 0.47033998 -0.31531703 0.36213684 -0.1312822 0.34209442 -0.053884722 0.27426788 0.37971824 -0.21431628 0.58417094 -0.19571358 0.05842596 0.24741884 0.30657423 -0.11342444 0.7652279 -0.14062843 -0.31678393 -0.8127662 0.1367201 -0.22540703 0.03488022 0.74145925 -0.35358715 0.24317306 -0.107881375
certificado 0.020013483 0.15758102 -0.24737251 -0.26305696 0.4419319 -0.30539507 0.33025455 -0.14519192 0.3426463 -0.067554906 0.2892141 0.39066175 -0.22574376 0.5507281 -0.18231192 0.056316894 0.2161405 0.29815853 -0.10313705 0.75059026 -0.14040767 -0.28259933 -0.7974941 0.1622513 -0.23274161 0.042710356 0.7164817 -0.3334627 0.24214222 -0.1326119
manera 0.022866929 0.16422425 -0.22707595 -0.27691054 0.43583378 -0.28903988 0.3358491 -0.12308174 0.32807148 -0.04402756 0.27670282 0.39322808 -0.20084088 0.56304896 -0.17237891 0.06204855 0.20825224 0.29607892 -0.11479566 0.7370975 -0.11017779 -0.2911064 -0.8124849 0.14667767 -0.23443902 0.060538292 0.73284906 -0.31987017 0.25427786 -0.10942622
pensiones 0.03788368 0.17595826 -0.2334623 -0.24198951 0.4202633 -0.28950292 0.31739214 -0.14069971 0.3312716 -0.04554847 0.26044524 0.35927024 -0.19022158 0.53093797 -0.16508496 0.05456654 0.23553732 0.26063052 -0.11627018 0.7175765 -0.10938531 -0.27102542 -0.76795304 0.13129926 -0.23032361 0.0459405 0.70506704 -0.32455912 0.23070231 -0.1062366
auxilio_alojamiento 0.03924945 0.16573028 -0.24414332 -0.2712392 0.4515031 -0.2899267 0.3235689 -0.13613254 0.31324783 -0.03965586 0.2621928 0.39778998 -0.21126086 0.5486239 -0.1994195 0.03575148 0.21621202 0.2730163 -0.12891044 0.7656328 -0.13688229 -0.30729166 -0.80143285 0.13390814 -0.22942713 0.06545472 0.7181994 -0.34444585 0.25340757 -0.119076
muchas 0.033529967 0.14657865 -0.235649 -0.26240668 0.43852618 -0.28047016 0.32165596 -0.13649192 0.32475787 -0.06353174 0.25060713 0.37095028 -0.19602545 0.5442141 -0.16297203 0.04723259 0.2207123 0.28490296 -0.105619 0.7315787 -0.10697255 -0.2895656 -0.77514285 0.13119002 -0.21920472 0.062536046 0.6820488 -0.3232121 0.24898708 -0.12135915
pesos 0.011501114 0.15697719 -0.22897974 -0.2665486 0.44149798 -0.28334588 0.32888398 -0.1484182 0.3229896 -0.041940466 0.27199984 0.38516903 -0.19457383 0.55842626 -0.17789832 0.036664177 0.2414287 0.2877749 -0.10643275 0.73474425 -0.1364568 -0.29739183 -0.79240996 0.15580454 -0.20181946 0.03371929 0.71361715 -0.3124057 0.22676519 -0.11560505
fueron 0.010987219 0.18308203 -0.23459211 -0.26106864 0.48966074 -0.32222846 0.3449551 -0.13597934 0.3283606 -0.055291295 0.27851373 0.40248322 -0.22811446 0.59401953 -0.18173975 0.0626885 0.2399667 0.29505095 -0.10291286 0.78506434 -0.116010584 -0.30015263 -0.8494612 0.14777598 -0.21768887 0.03952199 0.75033987 -0.33571202 0.23950669 -0.14507139
octubre 0.017808426 0.1832087 -0.24379858 -0.24446741 0.4312016 -0.31346473 0.3433751 -0.13848491 0.34398645 -0.0684896 0.27844143 0.39101106 -0.21713534 0.56903803 -0.17467424 0.04507707 0.244699 0.2883996 -0.10423349 0.7362574 -0.11927133 -0.27636543 -0.8054234 0.13755842 -0.23192225 0.044929728 0.7190296 -0.34590766 0.25404698 -0.13253781
beneficiaria 0.039848574 0.14419065 -0.19889945 -0.23571134 0.43896005 -0.28639862 0.30973893 -0.11507529 0.31370997 -0.04013473 0.24362577 0.37156445 -0.20831634 0.53494483 -0.16815445 0.049396604 0.21374488 0.2798446 -0.09836551 0.69934523 -0.1135259 -0.27057093 -0.7631401 0.13306727 -0.20159538 0.06365587 0.6912496 -0.30891645 0.21855536 -0.12304801
anterior 0.023352655 0.16591461 -0.24004959 -0.255432 0.45091745 -0.29265082 0.34490696 -0.1333309 0.3262932 -0.04971161 0.2850523 0.38033003 -0.22428697 0.55950075 -0.16999334 0.05056415 0.21244667 0.2847142 -0.123734385 0.7452061 -0.1311916 -0.28771782 -0.8012967 0.13347411 -0.21964839 0.064753175 0.72906923 -0.33295232 0.24750365 -0.13675417
cuenta 0.0075964285 0.18480113 -0.24796893 -0.28027964 0.4714694 -0.2879125 0.32592052 -0.13666071 0.3441574 -0.05792214 0.288724 0.37685287 -0.23290613 0.573852 -0.18525688 0.0504365 0.22239529 0.29646015 -0.09833224 0.75610673 -0.1136913 -0.29411897 -0.8018532 0.15275317 -0.23450877 0.060457967 0.729728 -0.35929814 0.23748372 -0.12367593
segun 0.034399208 0.15803063 -0.2027987 -0.24732588 0.4471566 -0.27261406 0.34196317 -0.14831558 0.29780445 -0.051004812 0.26462275 0.36605462 -0.20520353 0.5357112 -0.18525922 0.050187998 0.23206468 0.27975443 -0.091254056 0.69951427 -0.12371905 -0.29034284 -0.75827044 0.15050809 -0.1953741 0.04354574 0.6765431 -0.32835653 0.23360474 -0.13441885
educacion 0.038541634 0.1600314 -0.23277056 -0.26225457 0.45240518 -0.29314232 0.34326863 -0.12975866 0.3296089 -0.057644345 0.260537 0.36792582 -0.22241788 0.5305641 -0.16765636 0.03710122 0.22431327 0.2766424 -0.11042476 0.7311134 -0.12494855 -0.28156924 -0.78127694 0.1256289 -0.19756928 0.04555829 0.6934567 -0.32521597 0.22142406 -0.12329871
recibi 0.026119454 0.16833727 -0.23037894 -0.27480114 0.4491426 -0.31359118 0.34073684 -0.14162907 0.33847317 -0.04277769 0.2665815 0.3986125 -0.2261515 0.57897854 -0.17567001 0.049354274 0.2426315 0.2725417 -0.11454243 0.75833714 -0.11181615 -0.30302325 -0.81623197 0.1578433 -0.23951417 0.033520363 0.74457467 -0.33561677 0.24255633 -0.11832634
solicito_acostumbrada 0.02732732 0.13286828 -0.1888325 -0.22610784 0.39636195 -0.28103676 0.30263984 -0.114923626 0.30159223 -0.05326626 0.2348769 0.35547605 -0.19983552 0.4892952 -0.15920617 0.047046773 0.19027518 0.2523804 -0.09794072 0.6760342 -0.12997413 -0.24888128 -0.70206714 0.14436652 -0.20175275 0.062098972 0.6529246 -0.29584664 0.20673966 -0.108233646
continuacion 0.014643815 0.14910421 -0.22382751 -0.25350946 0.42879137 -0.29792616 0.31909117 -0.13872765 0.31987318 -0.053840637 0.24628542 0.34951183 -0.1873198 0.5446983 -0.1653758 0.029447986 0.20730445 0.28318554 -0.11384093 0.7143229 -0.1136068 -0.2837645 -0.7632093 0.12818123 -0.20760229 0.04385361 0.68696845 -0.31097466 0.22878039 -0.13666448
mas 0.037616327 0.18194522 -0.21185559 -0.25338224 0.46215084 -0.29197282 0.35188505 -0.14061418 0.31378943 -0.033362344 0.28401977 0.3608548 -0.22149824 0.54903376 -0.17414369 0.05494779 0.22348157 0.29562935 -0.110268794 0.74869066 -0.12679912 -0.27560112 -0.7912846 0.162644 -0.22488654 0.050426304 0.7110559 -0.31553516 0.24957259 -0.10812275
otorgado 0.019106265 0.1567418 -0.23777959 -0.24394543 0.4432147 -0.2836232 0.3286399 -0.12644686 0.30896378 -0.05337103 0.25967175 0.380551 -0.1913311 0.5508972 -0.18322262 0.054822087 0.20442355 0.26552543 -0.09724279 0.7117087 -0.111718 -0.2696138 -0.7856891 0.13374732 -0.21754257 0.05209347 0.68832344 -0.32076976 0.2338604 -0.12750134
alojamiento 0.020915153 0.17226562 -0.25177658 -0.2502641 0.46499977 -0.2912939 0.35879433 -0.12592657 0.3361457 -0.04913431 0.28546032 0.3866467 -0.22646195 0.5669806 -0.18558078 0.041002464 0.23438475 0.28987512 -0.11555668 0.7646952 -0.13167816 -0.29574007 -0.8241196 0.13781606 -0.22536431 0.033359166 0.7345606 -0.34020796 0.23944825 -0.11439906
grado 0.014363779 0.1679484 -0.2293568 -0.24173948 0.4421702 -0.3022469 0.34979603 -0.13345438 0.3312318 -0.046905365 0.26886266 0.35480168 -0.20544969 0.5519499 -0.1750573 0.057807475 0.20543113 0.2798796 -0.09729677 0.72947544 -0.13697834 -0.2943929 -0.7591544 0.13647157 -0.22089209 0.034131367 0.71131694 -0.3304815 0.22423787 -0.104536764
estos 0.012858052 0.18015198 -0.24339284 -0.26856536 0.43383688 -0.28692454 0.3495347 -0.1548068 0.31632936 -0.042277187 0.2650835 0.39160615 -0.2188772 0.5427561 -0.1680594 0.038319785 0.21144411 0.27002048 -0.11475718 0.7512374 -0.12317521 -0.3066647 -0.8158043 0.16428536 -0.236543 0.029195292 0.7390181 -0.34277406 0.24533318 -0.1415948
confirmacion 0.014527565 0.1720854 -0.21075395 -0.2481253 0.42106047 -0.30030856 0.33277592 -0.12966442 0.31465337 -0.035386004 0.26599205 0.37418354 -0.19135758 0.5408193 -0.1926271 0.041816622 0.21756816 0.27459332 -0.11603236 0.72244084 -0.10783279 -0.28617653 -0.76043975 0.12727015 -0.1958643 0.051472995 0.66619116 -0.30219927 0.22609746 -0.13283017
enviado 0.022778494 0.18016392 -0.2340108 -0.2593698 0.43533504 -0.3102569 0.32113644 -0.1406117 0.32710564 -0.054578185 0.28179434 0.38541424 -0.19570233 0.5363026 -0.19668846 0.05299295 0.229679 0.2932773 -0.10084208 0.7268866 -0.123610586 -0.2771739 -0.8023029 0.15438361 -0.19884917 0.03361551 0.70269376 -0.33671972 0.22346987 -0.12401693
dado 0.0060048634 0.15995784 -0.25933507 -0.2873269 0.47798055 -0.31401238 0.33421057 -0.13555376 0.33828384 -0.04993978 0.28179708 0.41033313 -0.21820325 0.5805261 -0.18799965 0.061981387 0.23889267 0.28795806 -0.11800277 0.7984026 -0.14605725 -0.29308444 -0.818508 0.15579754 -0.24328765 0.059922267 0.7542666 -0.34508055 0.26617384 -0.14283496
atencion 0.007906838 0.15217036 -0.2240495 -0.2659498 0.4281999 -0.2810691 0.33710095 -0.12224793 0.32823166 -0.06635467 0.27145377 0.3703479 -0.21339664 0.541672 -0.16470632 0.035770066 0.22006924 0.27107203 -0.12434485 0.73687446 -0.12988894 -0.2740443 -0.7761987 0.13357839 -0.21564007 0.051434312 0.68912166 -0.3231559 0.23153761 -0.123927854
precedente 0.03223149 0.163522 -0.20154072 -0.25454748 0.42118475 -0.28054923 0.31085566 -0.13174933 0.31706032 -0.056656256 0.2581963 0.34854153 -0.19865231 0.53507656 -0.15978196 0.039772123 0.20526639 0.26145735 -0.120197654 0.70282286 -0.11068202 -0.2854915 -0.73743606 0.13674018 -0.22266151 0.044393137 0.6717639 -0.33087793 0.21171866 -0.12574673
pantallazo 0.011067998 0.15237251 -0.22243975 -0.25649226 0.42163935 -0.29803932 0.33936533 -0.13244665 0.3013132 -0.059605967 0.26624557 0.37975922 -0.21131964 0.5324141 -0.17668077 0.03543219 0.21110944 0.2800993 -0.10004511 0.73002344 -0.12543312 -0.26539767 -0.78342265 0.14900306 -0.20137398 0.060575947 0.7064185 -0.32484418 0.2185545 -0.12551104
mayo 0.031485476 0.14796436 -0.2308269 -0.26764327 0.4357264 -0.27923074 0.33048478 -0.14739707 0.32596624 -0.040615935 0.2757122 0.37999138 -0.21868716 0.53381205 -0.18285884 0.030249966 0.21950369 0.2830995 -0.1170425 0.7406585 -0.1110377 -0.26383916 -0.7877238 0.15179496 -0.21263058 0.053047087 0.7162778 -0.31693262 0.25007224 -0.104438856
yo 0.02802425 0.1742399 -0.2412488 -0.25494498 0.4541959 -0.2972651 0.34285733 -0.15029624 0.33349004 -0.068892315 0.27826717 0.37688577 -0.21841247 0.5640904 -0.19422412 0.047952093 0.24829791 0.3031419 -0.099283025 0.78397375 -0.14517951 -0.29325828 -0.8255406 0.1420926 -0.21967886 0.061825227 0.7559896 -0.3415132 0.26479766 -0.13737227
rubros 0.038575612 0.17214133 -0.24302585 -0.2590147 0.4323431 -0.30788985 0.33266616 -0.12904938 0.3340446 -0.04432864 0.2843326 0.36331436 -0.22840226 0.5469157 -0.1743326 0.046411224 0.22931345 0.27076367 -0.10366386 0.75563616 -0.11910067 -0.28646272 -0.80123746 0.15408325 -0.20690763 0.040783856 0.7052561 -0.33483422 0.25803566 -0.11183185
indica 0.017402863 0.1436897 -0.20151424 -0.2433054 0.42430493 -0.2747331 0.30597702 -0.11672775 0.3067677 -0.032196604 0.25954196 0.3526708 -0.18187393 0.50433004 -0.17806993 0.033779755 0.21122381 0.26388675 -0.117928945 0.6762764 -0.12955432 -0.2510239 -0.72875327 0.13892399 -0.1969859 0.048428778 0.6717642 -0.29833743 0.213545 -0.12277768
dia_hoy 0.021217106 0.16562036 -0.20698473 -0.2637706 0.42423874 -0.2882979 0.33203712 -0.14893894 0.31737924 -0.06374864 0.2572123 0.3599739 -0.21379337 0.5381751 -0.18109109 0.05314538 0.22759826 0.26921332 -0.11524074 0.711741 -0.11111432 -0.27517474 -0.7647147 0.14191678 -0.20838955 0.06325097 0.68430966 -0.32344648 0.21772999 -0.13615152
todo 0.037044678 0.16559698 -0.21278635 -0.26920953 0.43492636 -0.29807758 0.32003197 -0.14451583 0.317943 -0.043432858 0.27845508 0.37242192 -0.22275016 0.5593596 -0.18813112 0.059830662 0.21574345 0.28106198 -0.10876835 0.75061226 -0.108795635 -0.29409817 -0.7921983 0.14857985 -0.21290746 0.059229754 0.72490025 -0.32519534 0.22859493 -0.117749125
informar 0.0059850365 0.15932178 -0.22749758 -0.24642271 0.4582527 -0.29550412 0.32924497 -0.14375111 0.3338887 -0.040751297 0.2831978 0.36689562 -0.1931096 0.5545048 -0.19299379 0.03135159 0.21259823 0.28868794 -0.1220304 0.7467289 -0.107023016 -0.30083272 -0.77781105 0.15833054 -0.20320041 0.034277834 0.6963421 -0.33581755 0.2310577 -0.12633514
cop 0.018379392 0.17784029 -0.21599993 -0.26455244 0.42273447 -0.2967737 0.3266988 -0.1343362 0.3117686 -0.0689107 0.27024314 0.38348943 -0.22079702 0.54747725 -0.171126 0.035914283 0.23063071 0.28397167 -0.102581196 0.72573084 -0.120483935 -0.2852123 -0.7811952 0.14752278 -0.21279551 0.06461343 0.713643 -0.3337912 0.23088033 -0.1312709
reintegrar 0.035610676 0.16672039 -0.20906845 -0.26279756 0.44524363 -0.30353802 0.34648815 -0.12549457 0.30276504 -0.038674425 0.24969716 0.35676208 -0.20834616 0.54096484 -0.19089764 0.043769367 0.20358212 0.27376458 -0.1292341 0.7325101 -0.12520547 -0.2677828 -0.77652174 0.1434345 -0.22721013 0.055406008 0.7051255 -0.3123719 0.22391531 -0.117546365
contingencia 0.045996014 0.15044513 -0.22000037 -0.2580683 0.45647103 -0.2829646 0.3296978 -0.12768008 0.3197902 -0.037850484 0.28751072 0.38678727 -0.20646259 0.5533103 -0.18774666 0.054730274 0.21760648 0.30287492 -0.103641994 0.74889773 -0.12832688 -0.28845468 -0.76397306 0.16953704 -0.23368013 0.059205126 0.69676316 -0.3277822 0.23068984 -0.10030253
teniendo_cuenta 0.011325729 0.15102452 -0.21332395 -0.24976234 0.4552904 -0.30295005 0.33613545 -0.13014236 0.3304858 -0.05598481 0.25835824 0.3616854 -0.21796751 0.5592636 -0.19273573 0.06353682 0.23472002 0.26967296 -0.12875998 0.74082845 -0.12783594 -0.28904963 -0.79031616 0.13276084 -0.20676287 0.035808064 0.7103753 -0.33113974 0.2448838 -0.10707395
realice 0.009353406 0.1641591 -0.22991842 -0.2533981 0.4298051 -0.3047784 0.3410058 -0.14324513 0.33089355 -0.06380595 0.26206517 0.37451333 -0.21794651 0.55036265 -0.16235611 0.047622625 0.21980092 0.26377293 -0.11969145 0.70841527 -0.12429269 -0.26996356 -0.79016525 0.12784755 -0.19780083 0.061078127 0.7031704 -0.3204244 0.24658284 -0.13315971
ver 0.0072459504 0.17914636 -0.23079732 -0.2695353 0.46192053 -0.32258373 0.33938938 -0.14999469 0.34939924 -0.040708844 0.28222036 0.39156723 -0.20802331 0.58538127 -0.19157661 0.06034256 0.22378702 0.2784918 -0.10505341 0.7766365 -0.13568492 -0.2977979 -0.82711303 0.15155531 -0.2118499 0.05150017 0.72001153 -0.3368925 0.2478599 -0.1319494
partir 0.023311798 0.15005997 -0.2337577 -0.25557727 0.42075616 -0.28431502 0.34440422 -0.14899145 0.3130835 -0.0391056 0.26445848 0.35270295 -0.18930298 0.53448945 -0.18955527 0.041959886 0.22353074 0.2825047 -0.12710798 0.7111544 -0.12777624 -0.2871276 -0.78048444 0.15870427 -0.22057459 0.04254675 0.6835793 -0.314905 0.24976893 -0.12616707
archivo 0.031176656 0.1771662 -0.21320929 -0.26589411 0.43711 -0.27675918 0.3316427 -0.136405 0.2968381 -0.05951875 0.25064963 0.3578975 -0.19338998 0.53132206 -0.17896101 0.057335988 0.21696293 0.2663165 -0.09028312 0.7050211 -0.12829526 -0.28759518 -0.77379954 0.15359588 -0.21640871 0.049347308 0.69827807 -0.33147058 0.23834203 -0.12791453
pendiente 0.022552725 0.17429185 -0.2137813 -0.24504685 0.42765284 -0.28916326 0.3265244 -0.13309735 0.3163486 -0.04867468 0.27715972 0.36382037 -0.21072212 0.55753285 -0.1992083 0.05647292 0.22654317 0.2796146 -0.11223021 0.73269516 -0.13285331 -0.2683221 -0.77732235 0.1460514 -0.20111738 0.03734148 0.7061911 -0.3454969 0.23760934 -0.12940502
medio 0.025968436 0.16301543 -0.21277006 -0.2611098 0.43385786 -0.26833135 0.3255535 -0.13696937 0.2952817 -0.06541854 0.2579864 0.35948053 -0.21174656 0.5352712 -0.18446471 0.050527908 0.215664 0.2579514 -0.095856346 0.6929561 -0.12906173 -0.28496245 -0.7396651 0.13185585 -0.21367455 0.03697234 0.68316346 -0.3148943 0.22616495 -0.10094086
dias 0.028853687 0.18227287 -0.2609561 -0.27426356 0.4600289 -0.32248762 0.34816924 -0.13472487 0.3378926 -0.07399646 0.27558947 0.41186357 -0.23369318 0.5955938 -0.2074146 0.036685236 0.24226932 0.2903712 -0.11047433 0.7943301 -0.13013022 -0.3211238 -0.8315403 0.14196749 -0.21877187 0.038240977 0.77031285 -0.35842928 0.24947387 -0.11347786
ustedes 0.029972978 0.17086092 -0.22779751 -0.27110186 0.44088283 -0.306954 0.31757796 -0.1312459 0.31599954 -0.05203515 0.2720585 0.38090965 -0.22407258 0.5635208 -0.1771984 0.04389927 0.23641169 0.28368098 -0.093170695 0.73705065 -0.11764215 -0.28452516 -0.761336 0.1536006 -0.22462778 0.04917626 0.68249154 -0.34031963 0.25050917 -0.11716698
habia 0.036718834 0.16129737 -0.25660518 -0.28368267 0.47296053 -0.3225175 0.3514717 -0.1584018 0.35692802 -0.0400914 0.29989764 0.40604636 -0.20673566 0.58005923 -0.18083012 0.05259378 0.25458345 0.3139213 -0.12921521 0.7908765 -0.13002224 -0.31830484 -0.8221275 0.16011775 -0.2168618 0.04195543 0.7357963 -0.34736314 0.26100555 -0.13390449
corresponde 0.026012363 0.18499415 -0.24225417 -0.2800919 0.44561848 -0.2832926 0.3257542 -0.1542793 0.3401337 -0.04631149 0.26286057 0.3643221 -0.22485998 0.5550324 -0.20196554 0.054613072 0.22493263 0.27566084 -0.10142066 0.7637364 -0.1224128 -0.27199066 -0.80951416 0.13285896 -0.21081261 0.03271737 0.7183952 -0.34371614 0.23344617 -0.1292326
numero 0.0146633815 0.15985663 -0.21743992 -0.24249682 0.44643965 -0.29230276 0.31482378 -0.14902404 0.30315882 -0.05143366 0.25289056 0.37695256 -0.20454757 0.5461288 -0.19494946 0.061271537 0.23292696 0.2648725 -0.09854825 0.73464924 -0.11765299 -0.2869817 -0.76934856 0.12937717 -0.23017408 0.050543927 0.6864426 -0.322442 0.24202733 -0.119305894
registro 0.02896698 0.15932955 -0.22238246 -0.25239855 0.44378316 -0.28806394 0.33054045 -0.13409406 0.30191877 -0.067520685 0.26560077 0.38126862 -0.20450363 0.52975047 -0.17895885 0.05157856 0.21961594 0.2919774 -0.112015255 0.71378154 -0.13178207 -0.28021222 -0.78113395 0.13825817 -0.2051949 0.04372646 0.6821358 -0.3382289 0.24319102 -0.13295099
solicituddo 0.031939406 0.17232674 -0.22584425 -0.25876808 0.4349683 -0.28589806 0.33067596 -0.12999298 0.31134728 -0.066106364 0.2504512 0.362132 -0.21397272 0.5353733 -0.1861331 0.044414543 0.22188215 0.26168206 -0.113992766 0.7140244 -0.117834315 -0.27820563 -0.7732548 0.1469293 -0.21781884 0.037595462 0.6844929 -0.31790873 0.22522944 -0.111407466
ese 0.03056251 0.18266211 -0.25098795 -0.2654706 0.45364624 -0.3006362 0.3279886 -0.13379678 0.33958423 -0.06442362 0.2826189 0.3663599 -0.21293071 0.559037 -0.19682167 0.035401728 0.22293882 0.28033903 -0.118969984 0.7447306 -0.13403723 -0.2998419 -0.8094549 0.14865516 -0.21272431 0.051534876 0.72352326 -0.33673432 0.24462602 -0.13863377
sin 0.019293342 0.17071067 -0.22366677 -0.25431257 0.44913447 -0.2867292 0.32617018 -0.1516813 0.30766433 -0.037505113 0.27908742 0.35777032 -0.21702498 0.5385435 -0.17331508 0.03517682 0.23443797 0.30023843 -0.10735335 0.74743986 -0.119498365 -0.2835915 -0.7808619 0.15035346 -0.2110811 0.03089976 0.70491326 -0.32268625 0.24267069 -0.137696
realizados 0.020191558 0.15794334 -0.2272092 -0.2336267 0.44677576 -0.27171066 0.31317115 -0.1198822 0.3215397 -0.052467637 0.2635928 0.36789137 -0.19756305 0.53543264 -0.17402785 0.060467847 0.20964795 0.27971146 -0.0968134 0.7268738 -0.13174452 -0.29258978 -0.7523476 0.12861022 -0.2256528 0.049483288 0.7094227 -0.3350178 0.24074331 -0.12150132
quedo_atenta 0.011432209 0.16439153 -0.22880143 -0.26245448 0.43852967 -0.27298138 0.32204327 -0.1341644 0.3044734 -0.05402802 0.25930613 0.35943735 -0.18720806 0.52384907 -0.18632025 0.055328123 0.22137468 0.2707195 -0.104650095 0.7193855 -0.1194143 -0.26283202 -0.7675033 0.14221926 -0.22298425 0.03154456 0.68843836 -0.31328213 0.223318 -0.11372791
aplicado 0.022026746 0.16870187 -0.22468704 -0.23295838 0.42859372 -0.2815465 0.33854854 -0.12337015 0.32205638 -0.05566804 0.258608 0.3714931 -0.20047757 0.55413586 -0.16904627 0.03357863 0.20575166 0.2816538 -0.12591489 0.7004799 -0.12807576 -0.27230927 -0.76206356 0.1479924 -0.1962204 0.053881045 0.6973252 -0.31663734 0.21855995 -0.11698456
traves 0.03169572 0.17107934 -0.22518821 -0.2566755 0.43563178 -0.31037086 0.35363734 -0.14388503 0.32722744 -0.050942842 0.2706653 0.38090032 -0.2245987 0.5386411 -0.19459526 0.050945867 0.21874446 0.29376867 -0.12440493 0.74388736 -0.13578561 -0.30180296 -0.7847792 0.15398969 -0.2219339 0.036099143 0.70002323 -0.3221174 0.24110559 -0.11196751
ajuste 0.021836227 0.14693052 -0.18824689 -0.23570392 0.39962828 -0.26456603 0.29568353 -0.13408963 0.30116013 -0.040829293 0.22275326 0.32008758 -0.1815419 0.48753563 -0.17256753 0.02684925 0.20393355 0.26063716 -0.09044563 0.64770615 -0.11124847 -0.2711892 -0.69556564 0.13906011 -0.20306185 0.04888767 0.6495823 -0.2848744 0.2289768 -0.124428004
aplica 0.008825801 0.17497611 -0.22074115 -0.25959283 0.45596874 -0.31503853 0.33916834 -0.15522437 0.32683516 -0.058357734 0.2888142 0.39664075 -0.20249538 0.54679394 -0.16937871 0.06852352 0.21372648 0.29005963 -0.10673661 0.75007457 -0.10924638 -0.30590588 -0.8071781 0.1422596 -0.22155288 0.031138936 0.72598726 -0.33722997 0.24067968 -0.13906114
tarifa_unica 0.0048129926 0.14688037 -0.20979673 -0.26686898 0.4274479 -0.27433622 0.34951386 -0.1292251 0.3231763 -0.063037165 0.2804751 0.36111125 -0.2186477 0.55484486 -0.1736394 0.04131349 0.2329708 0.2732546 -0.12578548 0.7335051 -0.10695091 -0.2798227 -0.7724363 0.15174417 -0.21071479 0.03789984 0.6867127 -0.32695502 0.24956381 -0.11361482
transaccion 0.017264344 0.1532156 -0.22025454 -0.24115764 0.42523542 -0.2689326 0.3386847 -0.13858156 0.3131537 -0.05481383 0.26634523 0.3710226 -0.19862534 0.53785014 -0.16662624 0.044282544 0.22732607 0.26441374 -0.12355704 0.70544297 -0.10269317 -0.2589223 -0.7461218 0.13767205 -0.20516463 0.05063469 0.672402 -0.3249584 0.24468526 -0.101127796
periodo 0.025180269 0.17641161 -0.23077235 -0.24750306 0.47030634 -0.3199957 0.34066415 -0.15119226 0.32096803 -0.047606267 0.25980017 0.37358773 -0.19923122 0.57044184 -0.18055661 0.046929587 0.2309695 0.28235558 -0.10232947 0.75585204 -0.12837681 -0.29162297 -0.8098039 0.1305179 -0.21219055 0.051946457 0.7202895 -0.34868082 0.24369176 -0.106859505
realizando 0.0046642893 0.17182069 -0.22076002 -0.24715558 0.42590016 -0.30709162 0.32157892 -0.1330658 0.3237693 -0.052740883 0.26730382 0.35603473 -0.21320926 0.5477303 -0.18229501 0.048568048 0.20845202 0.26223847 -0.10375133 0.7369085 -0.11565325 -0.27743393 -0.7906495 0.1246767 -0.20051627 0.051968876 0.7074091 -0.3244765 0.24860269 -0.13148229
estudios 0.0042074258 0.17164172 -0.227194 -0.24956048 0.4594919 -0.30147326 0.34359452 -0.12603894 0.34215525 -0.042082135 0.27222627 0.3707707 -0.21275611 0.58019185 -0.1904244 0.056884136 0.24429788 0.2724111 -0.11953862 0.7631312 -0.13155425 -0.30512434 -0.82400465 0.13728343 -0.22511481 0.03460197 0.7346372 -0.35584542 0.25722438 -0.10587466
son 0.015682058 0.14749406 -0.2353359 -0.2480361 0.43340692 -0.29078317 0.32105988 -0.1365287 0.3343359 -0.07166282 0.2867732 0.36368796 -0.20606835 0.5368265 -0.17479008 0.05243686 0.21824582 0.26549911 -0.10554163 0.735473 -0.12402012 -0.27170607 -0.77607375 0.15234672 -0.2321744 0.047271293 0.7025382 -0.3110076 0.24618627 -0.13047816
banco_itau 0.0068281842 0.16591676 -0.2550675 -0.25898856 0.45550004 -0.3147538 0.33747372 -0.14945689 0.33607584 -0.04342234 0.28454462 0.39175814 -0.22134158 0.59828556 -0.19702226 0.050684758 0.25382075 0.283709 -0.11248715 0.78101087 -0.14661627 -0.2934596 -0.8498451 0.15835646 -0.23679261 0.057241637 0.73968375 -0.3567176 0.2638711 -0.119430795
cualquier 0.034946863 0.15041985 -0.22390373 -0.2256921 0.4219829 -0.29141828 0.31071687 -0.11300773 0.28582528 -0.046324685 0.23310633 0.35867614 -0.1937619 0.525078 -0.1650379 0.05007483 0.19548763 0.2497245 -0.11854523 0.6912571 -0.11253408 -0.2807904 -0.7321687 0.12358423 -0.20398897 0.04055894 0.6661115 -0.32327527 0.23062639 -0.102034345
tramite 0.00938246 0.15742005 -0.19556004 -0.22166103 0.39514798 -0.25321007 0.3100898 -0.12916704 0.2770372 -0.06015261 0.22369294 0.33063892 -0.17293741 0.48968247 -0.16656652 0.028524106 0.18246022 0.24180745 -0.09576273 0.6682298 -0.101197906 -0.26145813 -0.70202583 0.13220745 -0.181774 0.039924074 0.609709 -0.28444758 0.21614152 -0.114621736
anexa 0.01756645 0.18515043 -0.2382 -0.26886234 0.45054194 -0.30436382 0.3257586 -0.13433753 0.31372476 -0.04544889 0.2773814 0.39033183 -0.19664606 0.54458475 -0.19306377 0.03600499 0.24171963 0.27523357 -0.09848006 0.74619603 -0.10714651 -0.30405173 -0.80232203 0.15100048 -0.19853245 0.060047336 0.6945835 -0.3407161 0.23081315 -0.12929438
solicito 0.007213642 0.1644417 -0.21905574 -0.2292417 0.4136136 -0.265099 0.30644533 -0.11951224 0.30231735 -0.06341015 0.24078281 0.34761128 -0.185649 0.52887845 -0.17148235 0.05966914 0.19879968 0.27001882 -0.095892616 0.6795871 -0.115369804 -0.26845133 -0.72457796 0.15274657 -0.19561917 0.056750517 0.6796056 -0.29439658 0.22283742 -0.11610236
nomina 0.032427225 0.16997951 -0.24670903 -0.2739343 0.44839168 -0.30799767 0.34715974 -0.1460104 0.3435891 -0.051695943 0.28575036 0.37628058 -0.20671214 0.55309224 -0.20135824 0.053242598 0.22630976 0.29148832 -0.11508686 0.75449514 -0.13309023 -0.30249786 -0.8037487 0.13279286 -0.20654154 0.045876097 0.69648284 -0.34962544 0.22872475 -0.12369163
tal 0.0060454994 0.15523902 -0.24870089 -0.25355384 0.45965406 -0.29644915 0.3459679 -0.15693673 0.34401733 -0.037170872 0.28051144 0.3897154 -0.21962203 0.5598384 -0.17193326 0.0568565 0.24128246 0.30334532 -0.09952691 0.73862785 -0.13239236 -0.28152376 -0.8130381 0.15096192 -0.21163097 0.047666598 0.7363527 -0.32198545 0.22854635 -0.13252245
hicieron 0.006751257 0.15843722 -0.23129329 -0.23812537 0.42323488 -0.2732244 0.3163232 -0.12437948 0.32822153 -0.04300516 0.27529782 0.3844509 -0.19299765 0.54638076 -0.16225292 0.05367886 0.21825336 0.2635274 -0.118229106 0.73741895 -0.13420594 -0.2664412 -0.7800125 0.13835374 -0.21106693 0.062081613 0.6899209 -0.3282819 0.21586557 -0.1347815
saber 0.027326887 0.16577871 -0.21436943 -0.26495695 0.43476155 -0.2962869 0.3209302 -0.136265 0.3181886 -0.06133029 0.26061544 0.3897039 -0.20815392 0.54741967 -0.16588673 0.035855997 0.21701445 0.28308982 -0.1009805 0.7275788 -0.12389595 -0.29352343 -0.790102 0.15723577 -0.20336528 0.06306104 0.7229921 -0.34655228 0.25069606 -0.1341978
hizo 0.019900892 0.16982256 -0.21157405 -0.25463316 0.43364272 -0.28947702 0.33831134 -0.1496994 0.30428833 -0.04412125 0.2408032 0.36985344 -0.20205879 0.5452936 -0.18658967 0.05276453 0.2268226 0.2751098 -0.101841964 0.7148837 -0.12866376 -0.26309127 -0.73747766 0.14919333 -0.20393495 0.055810403 0.66601324 -0.3309669 0.2243327 -0.100312084
pagar 0.017790627 0.18415792 -0.22445747 -0.27668098 0.4408873 -0.3133483 0.3543319 -0.14383863 0.32282248 -0.04185924 0.28400695 0.38908136 -0.20328203 0.55740935 -0.2023331 0.036448915 0.22389786 0.28566104 -0.10924351 0.7529105 -0.12056868 -0.30035466 -0.8248863 0.1462031 -0.24043548 0.057240047 0.7203819 -0.35273635 0.23075923 -0.12502924
saludos 0.015905453 0.13367885 -0.20421098 -0.23003636 0.39118803 -0.27756256 0.30354264 -0.12482061 0.27855232 -0.03869091 0.24834943 0.34230077 -0.19852868 0.49305764 -0.1544762 0.035507854 0.20800802 0.25936824 -0.11574387 0.65388155 -0.097652115 -0.2477771 -0.71093166 0.11416088 -0.2095466 0.02933752 0.6169849 -0.29058754 0.19965346 -0.117311135
comprobantes 0.028519291 0.1587036 -0.21209529 -0.24771753 0.40311286 -0.27454215 0.30189782 -0.13190454 0.2870557 -0.045930773 0.24762094 0.34553927 -0.18539435 0.5178748 -0.17183135 0.0509523 0.21159099 0.255493 -0.10078697 0.6715218 -0.11746081 -0.28173298 -0.7147001 0.126409 -0.21292536 0.049981464 0.6437672 -0.31214592 0.23274063 -0.099338554
diferencia 0.021341005 0.15310529 -0.20598409 -0.26015806 0.4129276 -0.28438884 0.33404502 -0.13957332 0.3143474 -0.06439429 0.24845998 0.34922025 -0.21165812 0.51582175 -0.16680104 0.029788438 0.2108296 0.27675065 -0.1254182 0.69877833 -0.12592904 -0.266504 -0.7468533 0.14068674 -0.22118673 0.061645307 0.68458974 -0.30706555 0.20814236 -0.10359555
consignado 0.017119111 0.17359443 -0.2396439 -0.26341668 0.44906792 -0.2903868 0.34722352 -0.13000862 0.3240712 -0.039812945 0.25468048 0.38568714 -0.22361657 0.54089195 -0.19523561 0.06626449 0.24111234 0.2627284 -0.12460181 0.7250952 -0.1176077 -0.28666002 -0.78667545 0.14445753 -0.23065284 0.051840782 0.713989 -0.3266361 0.23570515 -0.10982764
empresa 0.033140715 0.17821214 -0.25785816 -0.26386225 0.481103 -0.31738073 0.35176215 -0.15421121 0.32717848 -0.069909066 0.29393056 0.39683083 -0.20558442 0.5631781 -0.18195942 0.049116082 0.2522739 0.28309906 -0.12560077 0.7787605 -0.13762511 -0.2940779 -0.82119566 0.13205485 -0.23571876 0.048304956 0.74575293 -0.3551602 0.2605473 -0.11201131
reconocimiento 0.009353591 0.15762998 -0.21455052 -0.26755148 0.41448632 -0.30074903 0.30837664 -0.14331998 0.31873488 -0.043252718 0.26148358 0.3619599 -0.21473801 0.5384209 -0.18373635 0.055946153 0.20837604 0.28085098 -0.10605571 0.73029083 -0.114247434 -0.28881183 -0.7557171 0.122192055 -0.21599002 0.029798122 0.67168194 -0.3108572 0.23673148 -0.104456946
proceso 0.017411262 0.15847778 -0.19910352 -0.23381688 0.40018794 -0.28032756 0.2951442 -0.13864228 0.30454966 -0.030953066 0.22846368 0.35910782 -0.19086003 0.4916905 -0.16090454 0.032467302 0.20488396 0.24339394 -0.0938014 0.6855639 -0.10277368 -0.2640878 -0.73871577 0.14303717 -0.2030407 0.039020844 0.6618713 -0.3023431 0.22403376 -0.12432605
tema 0.005172506 0.16840816 -0.22517534 -0.25044158 0.42444682 -0.27137366 0.30730215 -0.11397136 0.30070755 -0.052214965 0.27203104 0.34072798 -0.21632214 0.51836157 -0.15648074 0.046519153 0.21020609 0.26076105 -0.10198373 0.7050922 -0.12814938 -0.26675317 -0.75145775 0.14337328 -0.19673052 0.032534663 0.68756306 -0.32211357 0.23476057 -0.11665877
identificado 0.033400785 0.16811387 -0.20912117 -0.24129513 0.42501283 -0.27346003 0.30162007 -0.13426945 0.31291544 -0.033500046 0.26625243 0.34525055 -0.2160713 0.54107547 -0.17589478 0.041246127 0.19864355 0.2797511 -0.12460573 0.7167129 -0.12034649 -0.27280027 -0.7578007 0.12190405 -0.21444505 0.026621021 0.6688959 -0.31443372 0.24265394 -0.100588955
dicho 0.02914935 0.17366554 -0.22956286 -0.26206383 0.4340694 -0.30072656 0.33555242 -0.13868739 0.32928172 -0.040079862 0.265184 0.38210985 -0.2114154 0.55633116 -0.18661857 0.062195055 0.23062702 0.27058002 -0.10658302 0.7344583 -0.1231261 -0.26617718 -0.7917846 0.12794685 -0.22392693 0.041211966 0.70055604 -0.33849284 0.2460254 -0.13338594
momento 0.022264138 0.18822739 -0.25372818 -0.2755308 0.46184674 -0.31899774 0.34145325 -0.14118937 0.32935637 -0.052259184 0.27775446 0.38494444 -0.23301344 0.576081 -0.20447484 0.056322597 0.25247785 0.2897774 -0.13454473 0.79858214 -0.13423182 -0.31790215 -0.85130244 0.1546903 -0.2285239 0.061796207 0.7528611 -0.33603403 0.2654809 -0.11132302
escolar 0.027783442 0.15004927 -0.22802833 -0.26182154 0.4496658 -0.2986976 0.3325408 -0.13515207 0.32275084 -0.057721414 0.28080866 0.38506424 -0.19848739 0.5425254 -0.1859399 0.06158538 0.21855687 0.2983596 -0.10595371 0.73383313 -0.117789745 -0.27628028 -0.7812316 0.13432328 -0.21746425 0.031029746 0.717595 -0.3212383 0.23262198 -0.11565431
suma 0.028671306 0.17155603 -0.22523479 -0.25929505 0.42631269 -0.27953926 0.33967105 -0.15403044 0.34007496 -0.05664652 0.26896825 0.3884165 -0.21734385 0.55779195 -0.17665276 0.06488862 0.21658158 0.28759336 -0.11092444 0.73995525 -0.12549877 -0.29927325 -0.7818351 0.14697593 -0.22291869 0.03707345 0.7221999 -0.3143338 0.22678255 -0.13400434
constancia 0.006425672 0.13818091 -0.20380723 -0.25281265 0.40224564 -0.27862403 0.31490242 -0.12059253 0.30155325 -0.037333015 0.24708581 0.3437878 -0.193196 0.5153241 -0.18468213 0.057900045 0.20034857 0.26400384 -0.10710012 0.6782926 -0.106882915 -0.28117976 -0.7483163 0.1247846 -0.18589497 0.053526238 0.6414068 -0.31020623 0.23851658 -0.116259515
esto 0.0077268383 0.16357452 -0.22400707 -0.25912923 0.4502908 -0.30621094 0.31824914 -0.13655417 0.30380213 -0.06392857 0.26453003 0.37816948 -0.22052577 0.5587264 -0.18671228 0.04339049 0.21302758 0.27124974 -0.12024008 0.7408115 -0.13182496 -0.28330806 -0.76080567 0.1508436 -0.217206 0.047377095 0.71739984 -0.32929847 0.22820772 -0.10602499
atentamente 0.027772333 0.14312054 -0.20873396 -0.2229889 0.4242752 -0.27284247 0.32561108 -0.14019252 0.3092245 -0.05802453 0.24339643 0.33223718 -0.18931359 0.500157 -0.15797728 0.032257468 0.21258865 0.27709252 -0.09134408 0.68498987 -0.13046743 -0.25696558 -0.73025393 0.13814998 -0.21761166 0.050005764 0.66082686 -0.29578793 0.22743592 -0.12042476
remito 0.03545344 0.15035895 -0.18331543 -0.2095277 0.38296008 -0.26141196 0.29903468 -0.12408645 0.28316092 -0.051135924 0.23399682 0.31942496 -0.19209652 0.45075154 -0.14621049 0.029490635 0.1869938 0.23580888 -0.10014103 0.6389428 -0.09778422 -0.23119794 -0.67953086 0.1274993 -0.19218801 0.04602609 0.5874239 -0.2912811 0.18543017 -0.09140947
buenas_noches 0.019191984 0.15474352 -0.22802083 -0.25489122 0.3998792 -0.26228148 0.30293941 -0.12579262 0.3142437 -0.05406067 0.23498878 0.3530804 -0.19354051 0.49613714 -0.17136303 0.029565558 0.21833305 0.26533875 -0.11527733 0.67849594 -0.13170487 -0.2570228 -0.7277217 0.12688756 -0.20957673 0.058795583 0.641818 -0.31888697 0.23293847 -0.1023746
quincena 0.0071197203 0.15401989 -0.23968339 -0.275855 0.43488336 -0.29922783 0.3227561 -0.12680833 0.3360504 -0.063594624 0.27816188 0.3888271 -0.19603272 0.55942 -0.1692351 0.06327558 0.21440147 0.29729086 -0.093544155 0.75246245 -0.11610672 -0.28334275 -0.80935234 0.1337579 -0.23140301 0.03894339 0.7156854 -0.3453456 0.23060599 -0.11007589
dos 0.02287916 0.17725018 -0.22149114 -0.24915797 0.4294387 -0.28814343 0.34517646 -0.13214816 0.3091564 -0.038668294 0.25831234 0.3549794 -0.19744954 0.5545003 -0.17215435 0.063234426 0.2114657 0.26736265 -0.095950656 0.7104324 -0.10691213 -0.27071294 -0.7823519 0.16161509 -0.20424293 0.047069788 0.70242006 -0.31854567 0.22876894 -0.12694348
adicional 0.020141715 0.16310962 -0.20972425 -0.25828063 0.42958155 -0.2900968 0.33786374 -0.13128534 0.32744476 -0.040410046 0.25853127 0.35320905 -0.20928068 0.53240037 -0.18751001 0.059404217 0.20398878 0.2918176 -0.10700712 0.7137891 -0.123913124 -0.26478866 -0.7829202 0.14009301 -0.20965537 0.06317806 0.70222116 -0.30977008 0.21656811 -0.12154553
manutencion 0.0066644424 0.15941289 -0.23348735 -0.2580516 0.42363143 -0.29694858 0.33826113 -0.11727501 0.31787336 -0.04314609 0.25768846 0.35668746 -0.20002197 0.52463585 -0.19444378 0.0538643 0.22490051 0.28183565 -0.12115419 0.74555564 -0.11232484 -0.29931414 -0.7800065 0.13243797 -0.21058711 0.039895047 0.7020582 -0.32586995 0.2444075 -0.12625727
observacion 0.029105436 0.14947075 -0.20963062 -0.25850147 0.41090998 -0.2696572 0.3272923 -0.13546227 0.3049379 -0.047537405 0.24784774 0.35007235 -0.20383719 0.5139006 -0.17584558 0.049872242 0.20608449 0.2820218 -0.112904176 0.7077653 -0.12226823 -0.28124586 -0.7540666 0.14238445 -0.20820174 0.048579637 0.67486733 -0.3001228 0.2287673 -0.10734745
anticipado 0.034876674 0.15741672 -0.23170763 -0.28040895 0.44975984 -0.3116326 0.34964764 -0.14995329 0.32522568 -0.06819474 0.29317153 0.39929503 -0.21684632 0.5769026 -0.1724114 0.050847746 0.2164872 0.28875482 -0.10862477 0.7541506 -0.12895674 -0.28996065 -0.78608644 0.13835713 -0.21867427 0.04567525 0.71255136 -0.3328463 0.22772068 -0.14109462
calendario 0.01382436 0.16126552 -0.22622384 -0.25554082 0.42488194 -0.29738075 0.3385405 -0.13023652 0.31406876 -0.05425933 0.25548694 0.35397616 -0.21454579 0.55029684 -0.17611347 0.035090756 0.2189573 0.2774874 -0.09572117 0.7119235 -0.11468517 -0.2674636 -0.7594839 0.154966 -0.2212911 0.06567506 0.7093541 -0.33833092 0.24458627 -0.12327245
hasta 0.036376316 0.16241755 -0.22719795 -0.25498602 0.46385622 -0.302697 0.3520693 -0.12766977 0.34089777 -0.069024585 0.28297204 0.38263178 -0.22550784 0.5858593 -0.175665 0.046261415 0.23862766 0.28549758 -0.12621288 0.7837412 -0.1406482 -0.3122412 -0.8201827 0.15997432 -0.22231472 0.06001958 0.7240195 -0.34768954 0.26085246 -0.11528655
servicios 0.03064993 0.1630899 -0.23725206 -0.2718735 0.46833497 -0.31190374 0.34034142 -0.14788969 0.3464494 -0.056648996 0.28330362 0.39124656 -0.23165041 0.5655191 -0.17989987 0.06606456 0.22412775 0.28790954 -0.11794098 0.77596056 -0.13112885 -0.3036686 -0.8123268 0.13352002 -0.22183244 0.056078017 0.75066245 -0.35618147 0.25275123 -0.11062274
imagen 0.015157508 0.14899673 -0.19988488 -0.23956466 0.42389488 -0.29523772 0.3203152 -0.13902175 0.2952409 -0.04166898 0.26947644 0.343179 -0.1899972 0.5254671 -0.16630489 0.03783471 0.21056847 0.2677921 -0.122004114 0.70834446 -0.10582293 -0.26798004 -0.7527598 0.15236036 -0.217744 0.058630887 0.6738474 -0.32744223 0.22167134 -0.1272842
monto 0.01421419 0.16499156 -0.22780721 -0.24575718 0.41945934 -0.26943135 0.32081717 -0.11998804 0.30509904 -0.042567585 0.26011753 0.36546806 -0.20759209 0.5164993 -0.17854191 0.03438394 0.21018247 0.2594385 -0.09271159 0.7031746 -0.1008723 -0.25261092 -0.75161535 0.1441878 -0.20088819 0.05558748 0.6718357 -0.30479732 0.22308 -0.10325664
desde 0.03271991 0.1639161 -0.22677316 -0.2730217 0.46731594 -0.32631627 0.3709973 -0.12876804 0.3312078 -0.067891344 0.27271482 0.3794833 -0.23888274 0.59316075 -0.18163687 0.06426821 0.2222274 0.30008793 -0.10361467 0.7780302 -0.14041463 -0.30810934 -0.8101271 0.15526958 -0.24374485 0.067534864 0.73914367 -0.34134105 0.2659368 -0.109156154
dineros 0.02158425 0.16992958 -0.23649736 -0.2462988 0.44137323 -0.29034376 0.33366045 -0.1293399 0.3341779 -0.066486806 0.27033335 0.3754348 -0.19900101 0.5596672 -0.19823729 0.057921514 0.2328691 0.2842711 -0.120415345 0.7484057 -0.11726441 -0.28759617 -0.77953494 0.13163128 -0.22074336 0.04718356 0.69711363 -0.34326637 0.23439631 -0.13197769
mediante 0.03825976 0.14731999 -0.23112702 -0.2538361 0.43639234 -0.2721952 0.3372138 -0.14792728 0.29654187 -0.037164718 0.27444732 0.3552469 -0.21172138 0.5374193 -0.18217748 0.029960379 0.23430356 0.28682867 -0.11171153 0.73053676 -0.12220029 -0.28514376 -0.75850147 0.13856472 -0.2245127 0.033832293 0.69281614 -0.31706172 0.23380275 -0.13206156
mil 0.01655531 0.16702837 -0.20092188 -0.24334508 0.4088941 -0.29616252 0.32688588 -0.13059008 0.30325103 -0.036938928 0.2451685 0.3539784 -0.21144481 0.53881156 -0.17400372 0.06124502 0.23122594 0.2799934 -0.11285382 0.6989992 -0.111815 -0.278572 -0.73375964 0.14353295 -0.21077062 0.05759383 0.6772683 -0.32726872 0.21425836 -0.11704872
mismo 0.016488904 0.18083303 -0.24228036 -0.25846863 0.45879826 -0.30367285 0.32371333 -0.12542123 0.3315762 -0.059978615 0.2682422 0.3765713 -0.195301 0.53931355 -0.20036346 0.0671128 0.21314825 0.2819232 -0.11567033 0.74479556 -0.11460555 -0.29696134 -0.77695024 0.16041467 -0.20182876 0.057736076 0.69168085 -0.34825876 0.2226544 -0.10565405
hago 0.008644002 0.1786805 -0.24017946 -0.26630077 0.45163083 -0.2898829 0.31754592 -0.13826118 0.31433478 -0.061198942 0.27800688 0.3588899 -0.2125144 0.53785205 -0.18721224 0.0644335 0.21146978 0.28332525 -0.10882072 0.7078706 -0.12740898 -0.28224435 -0.78752863 0.12665458 -0.2251897 0.05499287 0.68394727 -0.32789314 0.2501283 -0.12544365
alimentacion 0.017515589 0.16483746 -0.24423072 -0.27331078 0.45731434 -0.28660178 0.34523952 -0.1290616 0.30825296 -0.045778774 0.28032032 0.36483043 -0.22017212 0.5375756 -0.16331595 0.034333874 0.22992003 0.29387966 -0.1216135 0.736029 -0.12039733 -0.28396964 -0.78053486 0.15157111 -0.21570396 0.04852204 0.72518414 -0.33532938 0.23058265 -0.12817253
asunto 0.0044320594 0.15868184 -0.21958528 -0.22260791 0.3854824 -0.2526537 0.30080286 -0.11075207 0.28321025 -0.04928119 0.24291667 0.3295237 -0.20576753 0.5018973 -0.1513852 0.04565924 0.2068031 0.26925257 -0.09121712 0.6795376 -0.12016944 -0.26453975 -0.6983101 0.11728854 -0.18308291 0.039625276 0.6306555 -0.30311713 0.23046587 -0.09698581
saldo 0.0108778365 0.16853225 -0.2128904 -0.24706641 0.44468305 -0.3008592 0.32623747 -0.13463391 0.33226332 -0.068486676 0.2600739 0.35645068 -0.19886118 0.5478294 -0.18550889 0.036982797 0.23196623 0.2719662 -0.100748174 0.7357076 -0.10643661 -0.29456317 -0.7647019 0.12718171 -0.19558963 0.032560326 0.6844776 -0.3231333 0.2328656 -0.13449112
tener 0.00234274 0.17688473 -0.25241402 -0.26768476 0.47184992 -0.3292673 0.36294752 -0.15505685 0.3525328 -0.04538522 0.29656824 0.39217338 -0.22710028 0.5786001 -0.18079521 0.04927282 0.22317608 0.31062916 -0.10747497 0.76028883 -0.11491799 -0.2941968 -0.8221378 0.16805533 -0.21174634 0.05103061 0.7517361 -0.35974506 0.2633276 -0.12654044
totalidad 0.023094337 0.15821484 -0.23169248 -0.2816302 0.47837815 -0.32369146 0.35819256 -0.13633269 0.34778106 -0.046951145 0.29729167 0.39931765 -0.2300982 0.56634676 -0.19756883 0.06227917 0.24722551 0.29838088 -0.11701286 0.77217954 -0.14081757 -0.29606387 -0.81982946 0.16883224 -0.2431738 0.038771372 0.7334462 -0.35346225 0.25188383 -0.13678458
pues 0.003859069 0.18845989 -0.2508409 -0.28274074 0.47560734 -0.3101685 0.3327162 -0.14852782 0.3214728 -0.039264474 0.29296103 0.4013346 -0.22188789 0.55278176 -0.19589 0.053491507 0.22873084 0.2972765 -0.11660403 0.7766666 -0.14232498 -0.2946122 -0.8161754 0.12943548 -0.22096768 0.051810224 0.7411209 -0.3489229 0.24939711 -0.13937877
tiene 0.00931713 0.14922777 -0.21499427 -0.24639247 0.40345538 -0.27161664 0.29718903 -0.12779734 0.29270867 -0.043679807 0.25733897 0.34247783 -0.18712391 0.5239225 -0.17438744 0.03976191 0.21059178 0.27352136 -0.11169833 0.7000206 -0.12425238 -0.25337106 -0.74475956 0.12806833 -0.19476245 0.0498087 0.6453982 -0.3082668 0.2345692 -0.11993189
cartera 0.031401213 0.1616318 -0.237728 -0.24666826 0.44160026 -0.29673117 0.32347322 -0.14298284 0.32978895 -0.043101113 0.25049317 0.36637637 -0.20785926 0.54192984 -0.16762121 0.030692058 0.20821796 0.29639426 -0.09427182 0.7294771 -0.13404773 -0.28656468 -0.7825475 0.15258917 -0.2012775 0.04061982 0.6991602 -0.3443504 0.2338197 -0.119741686
informa 0.00874283 0.13403974 -0.18574539 -0.20457318 0.3596054 -0.22921409 0.24958879 -0.101468265 0.24910554 -0.028367728 0.20100677 0.28068936 -0.14959192 0.44508612 -0.1345602 0.041767016 0.1649274 0.22685274 -0.07374169 0.57317543 -0.11293423 -0.23156072 -0.6124578 0.11788831 -0.1794574 0.053368103 0.5553695 -0.26089588 0.19881125 -0.07779874
fecha 0.013922494 0.16088043 -0.21356523 -0.2718279 0.42625868 -0.30985492 0.31581315 -0.1269693 0.33518898 -0.06287948 0.2692483 0.37345248 -0.1966961 0.5483918 -0.1873858 0.061835438 0.22400802 0.28559414 -0.09485594 0.7276111 -0.12892878 -0.28782302 -0.79728407 0.15398897 -0.21945848 0.04502724 0.69108915 -0.33144924 0.23432025 -0.10910852
estudia 0.024592055 0.15601113 -0.20932396 -0.23288457 0.44002643 -0.28517443 0.34045303 -0.11775486 0.3046249 -0.053140882 0.25781956 0.3594557 -0.19923389 0.54481226 -0.16772354 0.05757022 0.20456766 0.2738583 -0.10989235 0.705418 -0.11062375 -0.2739782 -0.76919043 0.13611388 -0.19503956 0.05696799 0.684934 -0.30014557 0.23838755 -0.107858256
estado 0.029891307 0.13349846 -0.19985317 -0.23929405 0.39233422 -0.25518385 0.3020158 -0.118165456 0.2919148 -0.031220222 0.22855118 0.3173489 -0.19861044 0.48094034 -0.15649593 0.029639494 0.18563502 0.26061875 -0.095716864 0.6578176 -0.118955396 -0.25445634 -0.714306 0.1359092 -0.20439187 0.044960346 0.61864066 -0.2930135 0.21065116 -0.10801287
calculo 0.032357372 0.139138 -0.22501722 -0.2554672 0.42373177 -0.28884292 0.30061725 -0.13974462 0.30354398 -0.06509953 0.23377123 0.36578932 -0.19490944 0.5235909 -0.15633608 0.031400677 0.19470553 0.2760374 -0.09625194 0.6931271 -0.1227418 -0.25175813 -0.7234186 0.122175746 -0.21423048 0.057633948 0.6798563 -0.30990648 0.22707586 -0.09739352
reintegros 0.013650723 0.17334962 -0.22627595 -0.26790246 0.445345 -0.30511323 0.3388125 -0.15028769 0.32375267 -0.057877995 0.27021277 0.3636244 -0.22331735 0.5351844 -0.1830624 0.036908373 0.2233209 0.2759784 -0.11670315 0.7375657 -0.120068826 -0.26529387 -0.7707746 0.14963672 -0.22899927 0.066977985 0.6948199 -0.31851524 0.245935 -0.13445163
actual 0.03970033 0.15847467 -0.22190991 -0.23416907 0.43127364 -0.2805287 0.30210972 -0.1154385 0.30598843 -0.043429937 0.24044351 0.36452413 -0.19100927 0.5338572 -0.17656119 0.033605292 0.19209422 0.27255258 -0.10599615 0.68335474 -0.11258014 -0.25065762 -0.7506817 0.14395441 -0.22050296 0.037398405 0.6588227 -0.3119894 0.22501403 -0.12005141
conceptos 0.035195287 0.16364892 -0.21606475 -0.2538241 0.4303514 -0.2925364 0.32815158 -0.12651074 0.31091246 -0.063632 0.24048273 0.355423 -0.19658032 0.53345984 -0.16117828 0.038044587 0.19971867 0.27372512 -0.09570565 0.6968916 -0.10153826 -0.27298334 -0.74405664 0.14528099 -0.19284327 0.029793775 0.67180085 -0.2969094 0.23950751 -0.12570617
devolver 0.03538082 0.16086774 -0.20596798 -0.23059565 0.43576446 -0.28503817 0.30732152 -0.1263244 0.29480338 -0.032233365 0.24981688 0.3621014 -0.18668099 0.52323955 -0.1881149 0.035489492 0.22829628 0.26370794 -0.11740949 0.6885125 -0.10343492 -0.2846797 -0.74984896 0.14430955 -0.22001724 0.037333053 0.6577893 -0.30643144 0.23725833 -0.10171174
adicionalmente 0.0074116066 0.19021976 -0.23630428 -0.26514748 0.4797083 -0.3145814 0.36509404 -0.1576109 0.32230756 -0.040667407 0.27993494 0.40347627 -0.21146028 0.5906548 -0.20959598 0.048787702 0.22416307 0.29873806 -0.10691154 0.78988314 -0.12366889 -0.28642365 -0.8263091 0.16285291 -0.2338902 0.056752197 0.76410306 -0.33431157 0.26425534 -0.1213573
rubro 0.019095022 0.14726977 -0.23976786 -0.26503554 0.43096292 -0.27389982 0.31274968 -0.15164654 0.31851172 -0.03834386 0.2783056 0.37209672 -0.1934307 0.529284 -0.16281043 0.04076794 0.21606937 0.2678502 -0.10868389 0.726225 -0.12146099 -0.26363468 -0.78192025 0.15282097 -0.20732114 0.04236285 0.7079535 -0.30826223 0.23555891 -0.12990381
sistema 0.019743066 0.14934842 -0.2389258 -0.24193941 0.4458894 -0.30345374 0.3345779 -0.13160905 0.33349413 -0.038145404 0.25811803 0.36980677 -0.19337197 0.5544885 -0.19685173 0.028166693 0.2255262 0.28423572 -0.09542019 0.7187532 -0.10874032 -0.27143568 -0.78707 0.14921993 -0.21422715 0.054517735 0.716872 -0.31307104 0.23437215 -0.111891136
mayor 0.018530194 0.17274617 -0.22790392 -0.24019504 0.44941917 -0.27844712 0.3384187 -0.13709845 0.33195835 -0.05483459 0.27004093 0.35860586 -0.20314689 0.5388228 -0.18541135 0.06570445 0.22871245 0.26999852 -0.09400825 0.7102275 -0.1274123 -0.2785826 -0.77759606 0.14786299 -0.20891377 0.03140852 0.6979116 -0.30914602 0.23465846 -0.11432193
encuentra 0.021068797 0.17406617 -0.22173582 -0.25787717 0.4261084 -0.2705291 0.32538632 -0.123204395 0.2913388 -0.055625945 0.25014263 0.344993 -0.21107729 0.50393116 -0.16100301 0.049961485 0.20143203 0.27475986 -0.107011266 0.68967354 -0.12962487 -0.26828423 -0.72809005 0.13517812 -0.2072267 0.061582185 0.66159 -0.32137975 0.21500652 -0.12443574
aun 0.023879658 0.18279281 -0.23049226 -0.2566778 0.45497844 -0.29447567 0.35204932 -0.14966443 0.33661583 -0.05223318 0.27167812 0.38251862 -0.21333286 0.59640276 -0.1976102 0.069017164 0.23296383 0.29983297 -0.13052413 0.7608596 -0.14595085 -0.28854457 -0.8441641 0.1697046 -0.22050017 0.037944272 0.7335274 -0.35452515 0.24524854 -0.1260036
cuando 0.022978617 0.16650194 -0.2277975 -0.270577 0.45091036 -0.31831414 0.3332751 -0.12563519 0.3183436 -0.065527864 0.26277038 0.36928123 -0.2216653 0.5706089 -0.19950303 0.032676294 0.21346062 0.287644 -0.10420642 0.73667365 -0.12935674 -0.29145062 -0.80871445 0.14179419 -0.23433752 0.047383174 0.7036315 -0.35181814 0.23163784 -0.12095269
razon 0.009638808 0.17082457 -0.21663496 -0.26198846 0.42452475 -0.28573883 0.3344466 -0.15349057 0.31653672 -0.051918887 0.2584795 0.38425595 -0.22565334 0.5603682 -0.17386347 0.045862213 0.22807463 0.296238 -0.11047344 0.7456489 -0.1142613 -0.29956514 -0.79674405 0.1356539 -0.19822429 0.034809075 0.7042221 -0.3117345 0.23624785 -0.12366189
vez 0.025883868 0.15660189 -0.2385863 -0.24340168 0.4483296 -0.30931553 0.33265123 -0.15142488 0.32013276 -0.036688484 0.28245974 0.358711 -0.1958198 0.5570793 -0.17207108 0.052243404 0.23376188 0.26939097 -0.093245305 0.7239336 -0.12741351 -0.2726244 -0.78325784 0.1498401 -0.22457896 0.055297125 0.71381134 -0.32645693 0.23499827 -0.115951054
fin 0.020969393 0.14128801 -0.21051538 -0.23275931 0.40069976 -0.27972394 0.3026454 -0.13497826 0.3092119 -0.05118278 0.25182647 0.35257256 -0.20525023 0.52359235 -0.17318815 0.044592515 0.22238311 0.26922426 -0.101723135 0.6882675 -0.10098552 -0.27769747 -0.72322375 0.13159382 -0.18812376 0.028279232 0.65491617 -0.30151728 0.20857728 -0.09773509
indiquen 0.013910005 0.17454283 -0.23370254 -0.25395072 0.4155507 -0.29337317 0.33281094 -0.12969226 0.32394347 -0.032959998 0.27126414 0.37323 -0.20787218 0.55284125 -0.18606117 0.057307754 0.20294769 0.28945804 -0.10197653 0.73094916 -0.1228095 -0.28863195 -0.7712306 0.15718979 -0.22037579 0.049601827 0.6766242 -0.32435727 0.23874702 -0.119938046
puede 0.015886117 0.14992338 -0.20193115 -0.20939267 0.39174628 -0.25358114 0.2807824 -0.106992066 0.28651235 -0.038998958 0.22334282 0.33791912 -0.17678224 0.46487972 -0.15032242 0.052260004 0.18481453 0.26058203 -0.08407484 0.6523468 -0.120162316 -0.23498046 -0.6778294 0.111717045 -0.19858517 0.05243717 0.6146841 -0.30226916 0.20202172 -0.09208675
salle_bucaramanga 0.03405365 0.14700863 -0.1918745 -0.19288827 0.37151036 -0.23062046 0.2843574 -0.09971349 0.28115317 -0.027908046 0.20701163 0.31111878 -0.1720235 0.4471625 -0.15423845 0.03986628 0.1660319 0.22591779 -0.080397375 0.5974308 -0.10472924 -0.22244833 -0.6276581 0.1191057 -0.18298602 0.024694487 0.572574 -0.28485334 0.18042412 -0.105291344
pueden 0.01106226 0.15253714 -0.21985985 -0.254604 0.43282637 -0.28058895 0.31412205 -0.11379097 0.30087766 -0.05273839 0.24667913 0.3528876 -0.19394839 0.52095795 -0.17688671 0.045174953 0.19395366 0.28088778 -0.11784772 0.68873674 -0.096469395 -0.25893834 -0.7522011 0.13328463 -0.21703684 0.040788483 0.6805669 -0.30573934 0.22629438 -0.11981886
otros 0.021613054 0.1632857 -0.227885 -0.27194014 0.45699215 -0.2915872 0.32921457 -0.15100151 0.33539966 -0.046018124 0.2896421 0.36671674 -0.22093782 0.58391553 -0.18615669 0.06489337 0.23506945 0.29499888 -0.11600898 0.75587654 -0.1117554 -0.30349132 -0.8242588 0.15562129 -0.22324787 0.06634093 0.71716195 -0.34577456 0.24976835 -0.12653492
otro 0.008150817 0.16529281 -0.23009934 -0.23570992 0.4360981 -0.28015494 0.3139267 -0.14474206 0.30833668 -0.033770055 0.24908304 0.35185018 -0.19804984 0.51897246 -0.16949752 0.031724434 0.19710046 0.26152802 -0.10281078 0.7002175 -0.13309725 -0.2791013 -0.7432898 0.14693844 -0.21689206 0.041392412 0.6627877 -0.29598743 0.21796937 -0.11711769
pagado 0.02813666 0.16187744 -0.22523981 -0.24999869 0.44863924 -0.30228078 0.31921095 -0.12003839 0.32774502 -0.046504557 0.2507713 0.3881782 -0.19266225 0.5510747 -0.17627442 0.063255124 0.23042576 0.2839136 -0.11053446 0.72498816 -0.121867254 -0.28071392 -0.7922042 0.13048218 -0.22552395 0.036814243 0.70065963 -0.336555 0.22262396 -0.11690742
confirman 0.03661918 0.17141315 -0.2061336 -0.25206792 0.43272173 -0.2841072 0.32271492 -0.13362974 0.32148683 -0.05992695 0.24777901 0.34015453 -0.2101745 0.538322 -0.18093212 0.052341737 0.21229737 0.2798151 -0.09912279 0.6893185 -0.10619585 -0.26016903 -0.7431607 0.13559742 -0.19759002 0.038330864 0.68054116 -0.30186254 0.21773246 -0.10212971
cambridge 0.020063527 0.1537219 -0.22640787 -0.26034555 0.44737095 -0.28078395 0.3274319 -0.13596888 0.30258766 -0.0682571 0.25303525 0.36409137 -0.21770068 0.53714365 -0.19166054 0.04726644 0.23258983 0.28928626 -0.096732214 0.710607 -0.13791113 -0.26438794 -0.78731596 0.14776897 -0.21080166 0.063853964 0.71547663 -0.3314008 0.24339621 -0.10274524
junio 0.031137321 0.16737877 -0.22019716 -0.25511372 0.43558708 -0.2931213 0.33370593 -0.14538532 0.3341866 -0.0655373 0.2700633 0.38222355 -0.21650144 0.54103124 -0.17353477 0.040251974 0.21401745 0.28675845 -0.12044774 0.7192072 -0.11416843 -0.289632 -0.7671568 0.13716234 -0.23358142 0.035800777 0.6942964 -0.311784 0.24806297 -0.106923625
realiza 0.03773876 0.15260208 -0.22381566 -0.23160075 0.41734514 -0.27661142 0.30720174 -0.14238343 0.3076185 -0.039121184 0.26210323 0.3540113 -0.20879033 0.5239147 -0.15926315 0.040737797 0.21635768 0.27101323 -0.10230892 0.700805 -0.12612778 -0.26210117 -0.7299806 0.14302155 -0.19860558 0.043703232 0.68066174 -0.3264327 0.24014065 -0.104052186
dio 0.020813791 0.16419569 -0.22011648 -0.25463054 0.40950742 -0.29356247 0.33375147 -0.13533464 0.3212769 -0.050600775 0.27684876 0.36450303 -0.18668287 0.54223174 -0.17068726 0.051303912 0.22919308 0.25572813 -0.10683178 0.7183544 -0.113873936 -0.2868983 -0.7430492 0.13769624 -0.21949396 0.032065123 0.6740084 -0.31444702 0.22421302 -0.12163272
emergencia 0.005578064 0.14710914 -0.23056708 -0.2374348 0.417692 -0.27083594 0.33293474 -0.1259312 0.31493363 -0.033395495 0.26211417 0.3645922 -0.19785051 0.5501734 -0.17443876 0.06162937 0.20781147 0.2650585 -0.09648359 0.70819193 -0.10308172 -0.2820449 -0.75613654 0.12452486 -0.20100291 0.03321582 0.6987074 -0.30558154 0.2255147 -0.10843404
respecto 0.03132879 0.16425796 -0.21765083 -0.22890545 0.4160053 -0.29627448 0.32063904 -0.121649966 0.30725104 -0.06575082 0.25353432 0.36144072 -0.21586081 0.5385818 -0.15839459 0.03078811 0.22076595 0.27209982 -0.08693009 0.70528156 -0.12581243 -0.2828495 -0.76085776 0.14187089 -0.20825079 0.040818132 0.6791632 -0.31008092 0.24229273 -0.122139655
tambien 0.037992075 0.15218341 -0.22364113 -0.24541168 0.41689387 -0.27676502 0.30326816 -0.116546184 0.29014993 -0.05656743 0.23257583 0.35306978 -0.19767621 0.5042133 -0.16828142 0.028234608 0.18679383 0.27035972 -0.09059444 0.6801027 -0.09977822 -0.27181214 -0.7178436 0.13401656 -0.20969222 0.05920272 0.65711033 -0.29667458 0.20278424 -0.11588757
