42 30
factura -0.024358893 -0.010808924 0.014635348 -0.0082790265 -0.019997004 -0.057906907 -0.012322208 -0.0177495 -0.029983213 -0.015774522 0.0056551835 0.027499724 0.020503515 0.03062268 0.008851238 0.023930682 0.039461613 -0.05299234 0.005488149 0.013938891 -0.00015235765 -0.0025487316 0.033403236 0.027040962 -0.023005655 -0.0012381971 -0.027292445 0.0257935 -0.0007994561 0.011565082
solicitud -0.0022416662 -0.018298669 0.009451024 0.020283697 -0.018169446 -0.04456816 0.0005438156 -0.01209454 -0.013329725 -0.030537106 0.012204988 0.020239515 0.036542643 0.013763823 0.016453976 0.036227565 0.017462585 -0.058416698 0.0252544 -0.0077570183 0.018049877 0.008886196 0.02832666 0.012413163 -0.00047007937 -0.014981916 -0.015205661 0.015918106 0.015512919 0.0036793693
pago -0.0057901354 -0.024030779 0.019548925 0.009083994 -0.0030041598 -0.023080625 0.010514276 -0.00931149 -0.038350165 -0.014855095 0.007832365 0.039979637 0.041345254 0.020083895 -0.013243611 0.039990664 0.020354293 -0.037381902 0.0014819503 -0.005409246 0.01771447 -0.0071419706 0.017061638 -0.0046713427 0.0073157707 0.0062169516 -0.020664353 0.009332013 -0.009676228 0.0011740593
bloqueo -0.010895838 -0.034768123 0.0013577389 0.0032109655 -0.0140476925 -0.0457581 0.005673607 -0.011614782 -0.023769114 -0.021791935 -0.004205351 0.008600716 0.03275289 0.030450761 -0.015390217 0.038238935 0.024139615 -0.025527416 0.018622765 -0.008313765 0.0014739328 0.015115079 0.027083872 0.021440234 -0.018211761 0.004633293 -0.0039739804 0.027352914 0.013794919 -0.0045085023
informacion 0.009592386 -0.0050307196 0.017634707 0.018113129 0.0065507935 -0.026294315 -0.0071162432 -0.0041716667 -0.0065481244 -0.00472712 -0.0042533753 0.022650937 0.03595857 0.006839703 0.011867487 0.031946257 0.029127205 -0.03315859 0.0040030815 0.013292802 0.0152010815 -0.004286165 -0.0009023857 0.024165632 -0.0048660147 0.012380723 -0.030147506 -0.0042808666 -0.0058591026 -0.015952453
contrato 0.00913788 -0.023058666 0.02054052 0.014912567 -0.019912476 -0.04864768 -0.0028389548 -0.014773905 -0.003024458 -0.03316254 0.0025559915 0.03845203 0.020722512 0.012610539 -0.0032804841 0.009612381 0.03200894 -0.044120397 0.013588807 0.00014654845 -0.008983761 0.015617564 0.010090718 0.0039685084 0.010606239 0.006234762 -0.022799425 0.0024422384 0.0077529917 -0.009448285
fecha -0.010474732 -0.02586283 -0.01032395 0.0151364915 0.00963774 -0.0440599 -0.009726839 0.0067808107 -0.027033705 -0.031009678 0.013285381 0.03542369 0.032873772 -0.0040309587 0.005401198 0.014917262 0.030874237 -0.049187586 0.014853487 0.012338049 0.009192662 -0.0043342994 0.028117659 0.022444237 -0.0195256 -0.0041347095 -0.022414014 0.002342477 -0.00960592 -0.0065538255
respuesta 0.0019792877 -0.019511307 -0.002158482 0.013405223 0.009174439 -0.01297105 0.0032335294 -0.013329283 -0.011527431 -0.01043727 -0.0009217791 0.027839858 0.031889886 0.023038458 0.008515421 0.02778818 0.013121083 -0.024326358 0.00076918816 -0.0109990705 0.011573241 0.016244728 0.0012085075 0.0017499418 -0.014071743 0.007570425 -0.018337041 0.009079686 0.004107928 -0.009795155
documento -0.019243047 -0.013572694 0.019674517 0.015780244 0.006628623 -0.040541906 -0.008154668 -0.024799896 -0.013570043 -0.021932516 0.007031944 0.037563104 0.02761677 0.021203356 -0.0070041968 0.010087278 0.036012992 -0.057992138 0.014959345 0.0035497972 0.017244676 -0.0028157912 0.0146189 0.00024216127 0.00908684 0.008034524 -0.031882282 0.014982721 0.007836476 -0.0117204515
cuenta -0.004291812 -0.029801413 0.00090691686 0.011444178 0.007168524 -0.027833993 -0.014349955 -0.015739754 -0.007974531 -0.029570831 -0.0069126594 0.0051010735 0.021643542 0.017578112 0.013735246 0.034340218 0.025892757 -0.04882805 -0.0023757294 0.007102322 -0.00809556 0.005441173 0.020487381 0.0015553422 0.0057097897 0.009660873 -0.0074519715 0.008503359 -0.0017519173 -0.00683075
sea 0.004946458 -0.018455356 0.0067158993 0.017138228 -0.007486495 -0.025959298 -0.008005183 0.00401234 -0.025311526 -0.0038744833 -0.0052464507 0.007054033 0.02930667 0.017324405 -0.010656625 0.0141204195 0.0043160496 -0.0077368068 -9.8796576e-05 -0.01644502 -0.0038872587 -0.006311758 0.024338331 0.013299948 -0.0027516196 -0.0072591207 -0.014514213 0.0090656495 -0.0020495825 -0.011045741
rg -0.0027868098 -0.0047039767 -0.010356475 0.0045432495 0.008085653 -0.014074337 0.0009357854 0.010281019 -0.026735213 -0.017659482 0.012273566 0.008121199 0.0048126914 0.0154461935 -0.0081693735 0.0062543405 0.00440185 -0.017637625 0.012820036 0.007051279 0.015314501 -0.0013332379 0.017271182 -0.009516031 -0.0070571443 -0.009683339 -0.021684036 0.020905895 -0.008152369 -0.006650191
id -0.013078644 -0.020155761 -0.0064894077 0.0030653744 -0.005833134 -0.023239868 0.00094063056 -0.016477115 -0.011000385 -0.028334284 0.004531302 0.009176418 0.04128561 0.021968974 -0.00759626 0.017113136 0.026401144 -0.040933132 0.0206607 -0.0034809308 0.006161348 -0.009287101 0.024076678 -0.002041482 -0.0034367878 -0.017334867 -0.004459544 0.018752756 -0.0015636783 0.004625123
validar -0.020119883 -0.014499402 -0.0050206208 -0.0008845383 -0.018483657 -0.024918927 0.0017753846 -0.020720968 0.0023659656 -0.027780762 0.00993248 0.0012429345 0.020143513 0.017770177 -0.0075967703 0.009417924 0.02491722 -0.0420457 0.019128278 -0.014986686 -0.008334514 0.010767086 0.008618155 0.00823379 0.0010754284 -0.018329475 -0.00986155 0.004135096 -0.010739364 -0.011541943
administrador -0.0019636997 -0.007125343 -0.002445584 -0.00356011 0.005690257 -0.038742237 0.0027622113 -0.006246385 -0.02755244 -0.0043138997 -0.01387228 0.02510684 0.034710698 0.00949793 0.007517905 0.019607656 0.00785286 -0.036186673 0.017783122 -0.01453211 0.015126025 0.01294582 0.017156053 0.018629283 0.009532143 -0.0008936187 -0.012203785 0.009244189 0.007316346 -0.00988091
garantia -0.007024123 -0.019521218 -7.299708e-05 0.021735495 0.006169057 -0.04279447 0.003693711 -0.020752078 -0.033383247 -0.032324247 -0.010044368 0.03799677 0.03027441 0.0058939345 0.014814081 0.03781471 0.017966252 -0.04740508 0.024496472 0.008194657 0.005519955 -0.0040454827 0.021567976 0.013637605 -0.016014352 0.0045177722 -0.01938013 0.02277282 0.0049568187 -0.014934806
verifique -0.014221347 -0.02314265 0.0054100547 0.015658082 -0.01443128 -0.014195316 0.014772164 -0.0013068914 -0.022694591 -0.0073884893 0.0014856615 0.024329495 0.00876514 -0.0037042873 0.0017569712 0.012661526 0.015638215 -0.026448935 -0.009446676 0.0023406232 0.0073570423 -0.0056712814 0.0038097608 0.011294274 0.0017593638 0.00036761328 -0.024359828 0.011498883 -0.010072804 0.0073528527
solucionado 0.01454549 -0.013531307 0.009071947 -0.008351818 0.0019757105 0.004652232 -0.0125801945 -0.015856998 -0.014798807 -0.004643408 -0.0020335424 0.0150175085 -0.0026456418 -0.008433095 0.014775454 0.01615396 0.023935147 -0.018188592 0.009761011 0.011385297 -0.009900634 0.0023043589 0.014998338 -0.008765236 -0.0032621934 0.0023304475 0.0001848327 -0.008971566 0.001239822 0.012152987
acreedor 0.010895658 -0.010099208 -0.00067564036 -0.011708916 -0.01817666 -0.022876518 0.0046875533 -0.020964628 -0.0262308 -0.0028178361 0.010742193 0.017581416 0.030302433 0.012457061 0.009242142 0.018613612 0.0020701822 -0.04233981 0.0011524293 -0.0062596463 0.008492293 0.0050197244 0.012062441 0.02110061 0.01149924 0.009083523 -0.017211149 0.0092312945 -0.00786306 -0.008420535
estado 0.009583968 -0.005824813 0.014153818 0.00669637 -0.014821936 -0.032237116 0.014560845 -0.009706341 -0.00477218 -0.0076452643 -0.0065876734 0.0035688402 0.01321964 -0.0047809244 0.006428347 0.0021739323 -0.0050172694 -0.01574825 0.018002631 0.010710723 -0.0007181711 0.014661532 0.017154975 -0.009769625 0.0057368493 -0.0059889816 -0.001356014 0.0135319 -0.011499078 0.0034084697
numero -0.017800564 -0.02599608 0.02066091 0.008294119 -0.012338985 -0.029786382 -0.019393524 0.0043555745 -0.013543974 -0.020199873 -0.00729596 0.026085349 0.032536954 0.0036149903 -0.014871523 0.020734048 0.03351057 -0.050572056 0.024688426 -0.016201703 0.014145981 0.010819388 0.00774082 0.018815096 -0.022103162 0.002721026 -0.029536251 0.02808158 0.013994109 0.0031173963
fiducia -0.007419324 0.0030600815 -0.0024688337 0.009258361 0.0052121035 -0.02381463 -0.0010844278 -0.0055582635 -0.026671857 -0.027788928 0.0053448104 0.010946404 0.0030124914 -0.0023648932 0.013179673 0.028594008 0.023210775 -0.017580427 0.0057327547 -0.0009514555 -0.0012823839 0.004004159 0.0024257456 0.01642104 -0.016503097 -0.0018445728 -0.027766664 0.024373138 0.0035617526 -0.015024841
presenta 0.00686529 -0.00887156 -0.0013766258 0.016125757 0.002429437 -0.0246847 -0.011000725 -0.014710406 -0.009488078 -0.020150632 0.01677661 0.0031712009 0.015086974 -0.00038880826 -0.015131893 0.031704325 0.032660495 -0.030323844 0.021422345 -0.013322656 -0.0018997993 0.009308184 0.020817626 0.013636698 -0.0010106517 -0.015638003 -0.016593121 -0.00082023605 -0.015382518 0.01367032
embargo -0.0013209494 -0.017367847 -0.00043286034 -0.00843992 -0.005972796 -0.011067461 -0.004641605 -0.00614242 -0.0026298645 -0.027501214 -0.0159329 0.02577363 0.007883975 -0.003607135 0.00030561865 0.02631936 0.007989791 -0.025533408 0.012130524 0.0013715524 0.0075838785 0.015729342 0.023262488 0.019958109 -0.000707315 -0.015188469 -0.010479116 0.0062238746 0.015753247 0.0001801693
validacion 0.0073130615 -0.014550849 0.012778297 0.003456933 -0.0073555233 -0.016430324 -0.016924936 -0.0045593507 -0.018632194 -0.0077402233 -0.00954119 0.0191692 0.025930952 0.02298209 0.0024408875 0.013512534 0.004104871 -0.015813418 0.016104985 0.001889697 0.010141162 0.015354272 0.020204041 -0.0035281968 0.0011425702 0.009724939 -0.024966868 0.016685173 0.011366003 -0.0022257636
retencion -0.017346926 -0.028728679 0.016358603 0.01668303 -0.013588029 -0.01906031 -0.015892321 -0.0041320026 -0.011724694 -0.017277343 0.014014005 0.031942114 0.02040014 0.024128139 -0.012866833 0.031568035 0.0014080268 -0.043041103 0.007299632 -0.012310937 0.012431748 0.017309587 0.014808288 -0.0013157898 -0.010394343 -0.01388482 -0.022148088 -0.0051352163 0.01053621 -0.014845925
informamos -0.0012068906 -0.02177638 0.009975066 -0.0011307752 -0.005396659 -0.04228801 -0.001658005 -0.0019427699 -0.014693472 -0.020944495 0.007841979 0.0184362 0.019776335 0.01536469 -0.010072565 0.0029736771 0.030793551 -0.039330732 0.015810203 -0.0040462115 0.021633014 0.0029227613 0.014869538 0.017424932 -0.015595216 -0.017018996 -0.019237025 0.018267639 0.005467182 0.009674712
proveedor 0.0051649 -0.014466442 -0.0051560435 -0.00222506 -0.017192677 -0.026840957 0.0062906407 -0.0041685738 -0.011353259 -0.012689651 -0.009122224 0.006064019 0.024585722 -0.011402642 -0.005893629 0.002660076 0.016825538 -0.02523091 0.014455543 0.009043709 0.0037681642 0.0037100338 -0.008385187 0.013454748 -0.0045961346 -0.009189613 0.00036411904 0.006449134 -0.00862995 0.013242552
encuentra 0.0017678195 0.0036186355 0.005705571 -0.009444522 0.013014654 -0.03472913 0.0061008297 -0.01737119 -0.006466883 -0.010168092 -0.011465054 0.02814836 0.018638037 0.023193682 0.00085251493 0.010045567 0.005916852 -0.019804653 -0.0017307671 -0.009644458 -0.0030946757 -0.0072624036 0.0116165755 0.016941685 -0.0002690273 -0.014094591 -0.02722555 0.010367588 -0.009487539 -0.012693341
solicitudndo -0.0134173175 -0.01774485 0.0043048947 0.010650474 0.010172284 -0.0092635015 -0.012872795 0.003695029 0.0044111353 -0.01289699 0.0057892157 -0.00078945793 0.009962921 0.017464112 0.01601934 -0.0035579612 0.021122336 -0.020690337 0.015637651 0.0011930263 -0.00031525837 0.017748253 0.015026178 -0.009681279 0.013080828 -0.0009754158 0.002383148 0.0059795347 0.015204032 0.001965558
correspondiente 0.0059843645 -0.020443108 0.0027721967 -0.008190951 -0.0055426396 -0.011240325 -0.009947525 0.0068591787 -0.017160252 -0.013553524 -0.006715579 0.0051887594 0.007357705 0.018567977 0.009619378 0.0032214434 0.006772324 -0.029214075 0.0015491586 0.00084594626 0.009978193 0.0142540615 0.012791265 0.0059312647 -0.0091391895 -0.0137146 -0.004800637 0.016261972 -0.014264042 0.012244874
realizar -0.0075724362 -0.029782405 0.01735145 -0.0041588503 -0.0039900756 -0.04305633 -0.008015449 -0.017458549 -0.028672447 -0.0028941566 0.0011269794 0.022753898 0.035948996 -0.0042371284 0.006586865 0.019819178 0.016294627 -0.034598403 0.004810998 0.013842026 -0.010001792 0.012900895 0.025419166 -0.0025190802 -0.0040629166 -0.006894271 -0.02277305 0.019470813 0.0063106334 -0.008101153
solicitudmos -0.017981287 -0.0019350003 0.011113353 0.0016953865 -0.017601047 -0.03144422 0.015180574 0.008628227 -0.020070178 -0.02574558 0.016385142 0.012442807 0.005779175 0.010227327 -0.0075578312 0.016672935 0.016343076 -0.017819889 0.0064486614 0.012669553 0.011584525 -0.0034177096 0.015014531 -0.0071226624 0.007325824 0.008278832 0.007410764 0.008534894 0.009710526 0.0056931647
consulta 0.003317895 -0.011578504 -0.007197397 -0.0024968055 0.004101589 -0.02579328 0.0021288393 0.011796212 0.004387868 0.010141247 0.013845669 -0.0026694573 0.017544089 0.0069932183 0.007607904 0.011167134 0.004231715 -0.027236812 0.0027028585 -0.00823746 -0.007453262 -0.005733084 0.015233978 0.017136026 0.010813673 -0.0045393165 -0.019772554 -0.008613531 0.010732505 -0.007843392
error 0.0009505602 -0.0063854754 -0.009814816 0.013449404 0.009242732 -0.029570682 -0.0056827366 -0.009332202 -0.019460442 -0.017841324 0.014725044 0.0032752207 0.024804529 0.017206868 -0.015462289 0.007717928 0.028757136 -0.040825978 0.007587666 -0.0021624637 0.016973993 0.01902189 -0.00043366538 0.013603248 -0.013533192 0.012922063 -0.006250289 0.00993973 0.010749939 -0.000100139696
receptor -0.011269673 -0.0039337394 0.0068317223 0.0032301825 -0.00065719744 -0.01783112 -0.01450162 -0.013875051 -0.027811876 -0.015433942 -0.0035241973 0.007975939 0.030227166 0.011073277 0.005858783 0.018045947 0.0253182 -0.014564179 -0.008506189 -0.0035572355 0.007751865 0.0020310332 0.01796987 0.005833612 -0.006246312 -0.018143065 -0.019776909 -0.0076289927 -0.012843229 0.002329337
persona -0.010898321 -0.0041324557 0.00842616 -0.014079277 0.014737 -0.018261869 -0.00083212624 0.0045298915 -0.024064697 -0.0027040343 -0.012608603 0.008620567 0.016907908 -0.0020016134 -0.004837829 -0.0041176844 0.008303745 -0.012314187 -0.0013492247 0.013150565 0.018276148 0.0076715285 0.017850468 -0.0061437683 -0.009622585 -0.006375947 -0.0028388523 -0.0030744392 -0.0075238026 0.011295483
manera -0.019645117 -0.010193922 0.019907096 -0.006268788 -0.01800185 -0.023758326 0.0016398012 0.008503821 -0.010856006 -0.021207668 -0.00562762 0.02213279 0.031362053 0.021563701 -0.0049178293 0.005856403 0.0127691785 -0.03939591 -0.005119937 0.0032934067 0.015732938 0.0078309765 6.8433816e-05 -0.0021213212 -0.019996744 0.011372375 -0.0013060215 0.015021288 -0.005173 0.011079942
modificar -0.011342307 -0.008642542 -0.0019915984 0.009183793 0.0028155511 -0.022719447 -0.015247305 -0.0034030217 -0.030166304 0.002152996 -0.014035511 0.032254558 0.03001711 0.006428405 -0.00033870555 0.028618228 0.022192288 -0.020342708 -0.001428311 -0.01035994 0.0049241283 0.015845168 0.0150846075 -0.0017088399 -0.012228816 -0.013562729 -0.018181758 0.0039403415 -0.005558074 -0.0015991116
verificar -0.015429751 -0.020466516 0.014347113 0.0046117767 0.0075868187 -0.020069992 -0.012272423 0.0009699944 0.0021536963 0.0016229358 -0.0151129635 0.015648363 0.02286977 0.015182183 -0.0015345139 0.0066198846 -0.003736088 -0.027890934 0.0027542098 -0.01142887 -0.013414049 0.0053549353 0.022356568 0.004258599 -0.008975069 -0.015270835 -0.021931723 0.012123844 0.0072748982 0.00012090252
relacionado -0.009689241 -0.003288894 0.013537131 -0.00041033435 -0.0073794452 -0.03540789 0.014872998 -0.0025226444 -0.006265709 -0.0033680205 -0.014455383 0.025849687 0.0013825449 -0.007545693 0.0036136697 0.02815269 0.016183859 -0.03547655 -0.006470255 -0.012700938 -0.0011871097 -0.009901807 0.017334934 0.0043057743 -0.01695854 -0.011243436 -0.024056518 0.013843769 0.014361309 0.008717465
atencion 0.011790508 -0.0056686057 -0.0022280829 -0.0015390895 -0.00381699 -0.026320236 0.009299968 0.0019133324 -0.017740821 -0.01636382 0.0010425582 0.02138055 0.024848288 0.011696327 0.008244843 0.015434039 0.008720085 -0.032185577 -0.0023286305 -0.0024335112 0.007946484 0.005531807 0.008196062 0.008549745 -0.019009385 0.0144510595 -0.018113555 0.008008082 0.011777088 0.015395338
